1 -2 -2 1 -33 -7 1 40 | 15496 1 21 197 12310
1 -2 -2 2 -33 -7 1 -37 -10 1 40 | 18928 1 21 171 12310
1 -2 -2 2 -33 -7 1 -120 -95 1 40 | 25688 1 21 197 12310
1 -2 -2 2 -33 -7 1 -106 -84 1 40 | 25688 1 21 197 12310
1 -2 -2 2 -33 -7 1 -91 -71 1 40 | 51376 1 21 197 12310
1 -2 -2 2 -33 -7 1 -77 -58 1 40 | 84864 2 25 197 12310 73026
1 -2 -2 2 -33 -7 1 -56 -32 1 40 | 18512 1 21 197 12310
1 -2 -2 2 -33 -7 1 -64 -37 1 40 | 17264 1 21 197 12310
1 -2 -2 2 -34 -7 1 -38 -19 1 40 | 21736 1 21 175 12310
1 -2 -2 2 -34 -7 1 -130 -104 1 40 | 20904 1 21 195 12310
1 -2 -2 2 -34 -7 1 -115 -89 1 40 | 19864 1 21 195 12310
1 -2 -2 2 -34 -7 1 -103 -76 1 40 | 25480 1 21 195 12310
1 -2 -2 2 -34 -7 1 -87 -65 1 40 | 21632 1 21 195 12310
1 -2 -2 2 -34 -7 1 -75 -52 1 40 | 25064 1 21 195 12310
1 -2 -2 2 -34 -7 1 -60 -42 1 40 | 32968 1 21 195 12310
1 -2 -2 2 -34 -6 1 -9 -39 1 40 | 51064 1 21 152 12310
1 -2 -2 2 -34 -6 1 -28 -28 1 40 | 22048 1 21 171 12310
1 -2 -2 2 -34 -6 1 -23 -9 1 40 | 19656 1 21 173 12206
1 -2 -2 2 -34 -6 1 -42 -6 1 40 | 19968 1 21 173 12310
1 -2 -2 2 -34 -6 1 -21 -14 1 40 | 21320 1 21 171 12207
1 -2 -2 2 -34 -6 1 4 -56 1 40 | 26936 2 21 173 12310 23056
1 -2 -2 2 -34 -6 1 -7 -43 1 40 | 24648 1 21 171 12310
1 -2 -2 2 -34 -6 1 67 -121 1 40 | 32240 1 21 173 12310
1 -2 -2 2 -34 -6 1 55 -108 1 40 | 29640 2 21 173 12310 25804
1 -2 -2 2 -34 -6 1 32 -82 1 40 | 29120 1 21 173 12310
1 -2 -2 2 -34 -6 1 17 -66 1 40 | 24752 1 21 173 12310
1 -2 -2 2 -34 -6 1 47 -99 1 40 | 30056 1 21 173 12310
1 -2 -2 2 -34 -6 1 85 -135 1 40 | 26936 1 21 173 12310
1 -2 -2 2 -34 -8 1 -40 -21 1 40 | 21008 1 21 189 12311
2 -2 -2 -2 -2 2 -34 -8 1 -53 -27 3 40 40 | 20800 1 1 21 198 211 397 12311 17643
1 -2 -2 2 -34 -8 1 -116 -96 1 40 | 23608 1 21 198 12311
1 -2 -2 2 -34 -8 1 -106 -78 1 40 | 23920 1 21 198 12311
1 -2 -2 2 -34 -8 1 -91 -66 1 40 | 26936 1 21 198 12311
1 -2 -2 2 -34 -8 1 -78 -54 1 40 | 19760 1 21 198 12311
1 -2 -2 2 -34 -8 1 -52 -33 1 40 | 25064 1 21 198 12311
1 -2 -2 2 -35 -8 1 -52 -22 1 40 | 42536 1 21 133 12311
1 -2 -2 2 -35 -8 1 -6 7 1 40 | 21736 1 21 151 11697
1 -2 -2 2 -35 -8 1 -36 -23 1 40 | 21840 1 21 151 12311
1 -2 -2 2 -35 -8 1 -23 -22 1 40 | 25168 1 21 153 12311
1 -2 -2 2 -35 -8 1 -20 12 1 40 | 36920 3 31 151 11894 27950 33038
1 -2 -2 2 -35 -8 1 -15 -4 1 40 | 27664 1 21 121 11999
1 -2 -2 2 -35 -8 1 -36 -7 1 40 | 16328 1 21 187 12311
1 -2 -2 2 -35 -8 1 -132 -102 1 40 | 39000 1 21 151 12311
1 -2 -2 2 -35 -8 1 -113 -93 1 40 | 41600 1 21 151 12311
1 -2 -2 2 -35 -8 1 -100 -79 1 60 | 139568 3 33 165 13351 84431 96643
1 -2 -2 2 -35 -8 1 -74 -47 1 40 | 31928 1 21 151 12311
1 -2 -2 2 -35 -8 1 -85 -64 1 40 | 32552 1 21 151 12311
1 -2 -2 2 -35 -8 1 -60 -40 1 40 | 23088 1 21 151 12311
1 -2 -2 2 -35 -7 1 -26 12 1 52 | 44616 1 21 131 12529
1 -2 -2 2 -35 -7 1 -8 37 1 40 | 27976 1 21 129 11375
1 -2 -2 2 -35 -7 1 5 20 1 40 | 28080 1 21 125 11385
1 -2 -2 2 -35 -7 1 -11 19 1 40 | 24024 1 21 139 11686
1 -2 -2 2 -35 -7 1 -37 -16 1 40 | 27976 1 21 129 12311
1 -2 -2 2 -35 -7 1 -31 -15 1 40 | 18928 1 21 173 12311
1 -2 -2 2 -35 -7 1 -21 12 1 40 | 27456 1 21 139 11894
1 -2 -2 2 -35 -7 1 -9 5 1 40 | 42848 2 57 137 11800 26474
1 -2 -2 2 -35 -7 1 -7 -14 1 40 | 27040 1 21 129 12008
1 -2 -2 2 -35 -7 1 -9 -22 1 40 | 33072 1 21 127 12113
1 -2 -2 2 -35 -7 1 -19 18 1 40 | 33904 1 21 119 11790
1 -2 -2 2 -35 -7 1 -58 12 1 56 | 53872 1 21 153 13143
1 -2 -2 2 -35 -7 1 -5 6 1 40 | 22880 1 21 137 11697
1 -2 -2 2 -35 -7 1 -122 80 1 40 | 42952 2 21 129 12311 39083
1 -2 -2 2 -35 -7 1 -85 42 1 40 | 30368 1 21 129 12311
1 -2 -2 2 -35 -7 1 -132 85 1 40 | 64896 1 21 129 12311
1 -2 -2 2 -35 -7 1 -80 34 1 40 | 42016 2 21 129 12311 38087
1 -2 -2 2 -35 -7 1 -103 63 1 40 | 37128 1 21 129 12310
1 -2 -2 2 -35 -7 1 -118 76 1 40 | 42744 2 21 129 12311 38875
1 -2 -2 2 -33 -8 1 -53 23 1 40 | 50544 3 53 173 12113 28575 46713
1 -2 -2 2 -33 -8 1 -63 7 1 40 | 23504 1 21 173 12310
1 -2 -2 2 -33 -8 1 -52 -2 1 40 | 45240 3 53 177 12310 23362 41802
1 -2 -2 2 -33 -8 1 -42 13 1 40 | 21736 1 21 175 12112
1 -2 -2 2 -33 -8 1 -46 3 1 40 | 18512 1 21 179 12310
1 -2 -2 2 -33 -8 1 -39 -9 1 40 | 18928 1 21 179 12310
1 -2 -2 2 -33 -8 1 -34 -11 1 40 | 17784 1 21 183 12310
1 -2 -2 2 -33 -8 1 -64 2 1 40 | 24128 1 21 173 12310
1 -2 -2 2 -33 -8 1 -147 114 1 40 | 61360 1 21 127 12206
1 -2 -2 2 -33 -8 1 -116 84 1 40 | 29224 1 21 171 12206
1 -2 -2 2 -33 -8 1 -104 69 1 40 | 47008 2 21 153 12207 43195
1 -2 -2 2 -33 -8 1 -93 60 1 40 | 58552 1 21 127 12206
1 -2 -2 2 -33 -8 1 -117 87 1 40 | 28080 1 21 173 12113
1 -2 -2 2 -33 -8 1 -129 100 1 40 | 28808 1 21 173 12112
1 -2 -2 2 -34 -9 1 -36 -1 1 40 | 24544 1 21 163 12216
1 -2 -2 2 -34 -9 1 -30 -27 1 40 | 24440 1 21 163 12311
1 -2 -2 2 -34 -9 1 -7 -26 1 40 | 20072 1 21 175 12206
1 -2 -2 2 -34 -9 1 -11 -27 1 40 | 19552 1 21 167 12217
1 -2 -2 2 -34 -9 1 -26 -20 1 40 | 18616 1 21 167 12311
1 -2 -2 2 -34 -9 1 -21 -10 1 40 | 36400 3 29 158 12113 23021 32161
1 -2 -2 2 -34 -9 1 -32 -2 1 40 | 39312 1 21 147 12207
1 -2 -2 2 -34 -9 1 -122 93 1 40 | 46176 2 21 147 12112 42532
1 -2 -2 2 -34 -9 1 -101 77 1 40 | 25688 1 21 169 12102
1 -2 -2 2 -34 -9 1 -86 57 1 40 | 44304 2 21 147 12112 40660
1 -2 -2 2 -34 -9 1 -46 24 1 40 | 34424 2 21 125 12009 30769
1 -2 -2 2 -34 -9 1 -57 38 1 40 | 32344 1 21 131 11999
1 -2 -2 2 -34 -9 1 -76 55 1 40 | 23816 1 21 169 12008
1 -2 -2 2 -33 -11 1 -9 -34 1 40 | 18928 1 21 167 12311
1 -2 -2 2 -33 -11 1 -22 -20 1 40 | 23504 1 21 163 12311
1 -2 -2 2 -33 -11 1 6 -41 1 40 | 18928 1 21 167 12207
1 -2 -2 2 -33 -11 1 -33 -4 1 40 | 17264 1 21 185 12216
1 -2 -2 2 -33 -11 1 -26 12 1 40 | 22880 1 21 141 11905
1 -2 -2 2 -33 -11 1 83 -121 1 40 | 25272 1 21 167 12217
1 -2 -2 2 -33 -11 1 64 -109 1 40 | 34632 1 21 149 12320
1 -2 -2 2 -33 -11 1 45 -87 1 40 | 29432 1 21 167 12311
1 -2 -2 2 -33 -11 1 29 -67 1 40 | 22464 1 21 167 12217
1 -2 -2 2 -33 -11 1 84 -129 1 40 | 35672 1 21 149 12320
1 -2 -2 2 -33 -11 1 90 -126 1 40 | 31616 1 21 153 12216
1 -2 -2 2 -34 -11 1 5 -42 1 40 | 17576 1 21 188 12216
1 -2 -2 2 -34 -11 1 -15 -26 1 40 | 28496 3 26 177 12310 20030 25062
1 -2 -2 2 -34 -11 1 -31 -15 1 40 | 17368 1 21 188 12320
1 -2 -2 2 -34 -11 1 1 -43 1 40 | 30888 2 31 185 12311 19599
1 -2 -2 2 -34 -11 1 74 -120 1 40 | 27560 1 21 165 12320
1 -2 -2 2 -34 -11 1 63 -104 1 40 | 28184 2 21 188 12310 24342
1 -2 -2 2 -34 -11 1 35 -82 1 40 | 31824 1 21 151 12320
1 -2 -2 2 -34 -11 1 21 -68 1 40 | 31096 1 21 151 12320
1 -2 -2 2 -34 -11 1 81 -125 1 40 | 27248 1 21 151 12320
1 -2 -2 2 -34 -11 1 89 -135 1 40 | 22360 1 21 188 12320
1 -2 -2 2 -34 -10 1 -5 -38 1 40 | 43056 2 39 188 12311 19435
1 -2 -2 2 -34 -10 1 -17 -21 1 40 | 29328 1 21 153 12217
1 -2 -2 2 -34 -10 1 -27 -13 1 40 | 28080 1 21 127 12310
1 -2 -2 2 -34 -10 1 -5 -42 1 40 | 28912 1 21 151 12320
1 -2 -2 2 -34 -10 1 72 -118 1 40 | 27560 1 21 165 12320
1 -2 -2 2 -34 -10 1 61 -102 1 40 | 28184 2 21 188 12310 24282
1 -2 -2 2 -34 -10 1 33 -79 1 40 | 19448 1 21 188 12320
1 -2 -2 2 -34 -10 1 19 -66 1 40 | 30992 1 21 151 12320
1 -2 -2 2 -34 -10 1 79 -123 1 40 | 27248 1 21 151 12320
1 -2 -2 2 -34 -10 1 51 -92 1 40 | 27664 2 21 188 12310 23762
1 -2 -2 2 -34 -12 1 -17 18 1 40 | 48568 3 53 137 11697 27043 44349
1 -2 -2 2 -34 -12 1 -18 11 1 40 | 25168 1 21 135 11801
1 -2 -2 2 -34 -12 1 -41 -12 1 40 | 18616 1 21 169 12321
1 -2 -2 2 -34 -12 1 -31 -23 1 40 | 21840 1 21 149 12321
1 -2 -2 2 -34 -12 1 -39 -8 1 40 | 16536 1 21 191 12321
1 -2 -2 2 -34 -12 1 -33 -12 1 40 | 20696 1 21 173 12320
1 -2 -2 2 -34 -12 1 -36 12 1 40 | 21840 1 21 149 12102
1 -2 -2 2 -34 -12 1 -81 80 1 40 | 25064 1 21 149 11790
1 -2 -2 2 -34 -12 1 -66 67 1 40 | 28496 1 21 135 11697
1 -2 -2 2 -34 -12 1 -46 45 1 40 | 23400 1 21 149 11790
1 -2 -2 2 -34 -12 1 -86 85 1 40 | 25480 1 21 149 11790
1 -2 -2 2 -34 -12 1 -94 94 1 40 | 31928 1 21 147 11790
1 -2 -2 2 -34 -12 1 -66 60 1 40 | 26312 1 21 145 11801
1 -2 -2 2 -35 -12 1 -51 12 1 40 | 31720 1 21 169 12217
1 -2 -2 2 -35 -12 1 -30 -19 1 40 | 42224 3 26 157 12321 33199 38345
1 -2 -2 2 -35 -12 1 -50 0 1 40 | 35256 3 27 169 12321 26205 31437
1 -2 -2 2 -35 -12 1 -49 -17 1 40 | 19552 1 21 189 12321
1 -2 -2 2 -35 -12 1 -35 -6 1 40 | 24440 1 21 165 12310
1 -2 -2 2 -35 -12 1 -46 -2 1 40 | 28704 1 21 163 12321
1 -2 -2 2 -35 -12 1 -34 7 1 40 | 22880 1 21 169 12103
1 -2 -2 2 -35 -12 1 -114 70 1 40 | 26832 1 21 169 12320
1 -2 -2 2 -35 -12 1 -100 57 1 40 | 26208 1 21 169 12311
1 -2 -2 2 -35 -12 1 -88 48 1 40 | 25064 1 21 169 12310
1 -2 -2 2 -35 -12 1 -134 85 1 40 | 27040 1 21 169 12321
1 -2 -2 2 -35 -12 1 -86 45 1 40 | 24856 1 21 169 12310
1 -2 -2 2 -35 -12 1 -124 83 1 40 | 26832 1 21 169 12310
1 -2 -2 2 -35 -11 1 -10 -33 1 40 | 20488 1 21 183 12311
1 -2 -2 2 -35 -11 1 -28 -23 1 40 | 26416 1 21 165 12321
1 -2 -2 2 -35 -11 1 -37 -13 1 40 | 19760 1 21 196 12321
2 -2 -2 2 -2 2 -35 -11 1 14 -60 3 40 40 | 29744 1 1 21 189 48 196 12321 18871
1 -2 -2 2 -35 -11 1 70 -115 1 40 | 27456 1 21 177 12320
1 -2 -2 2 -35 -11 1 57 -100 1 40 | 53248 1 21 157 12311
1 -2 -2 2 -35 -11 1 31 -77 1 40 | 25376 2 21 189 12321 21461
1 -2 -2 2 -35 -11 1 17 -64 1 40 | 24752 2 21 193 12321 20837
1 -2 -2 2 -35 -11 1 41 -83 1 40 | 27872 1 21 159 12311
1 -2 -2 2 -33 -12 1 -54 -20 1 40 | 30264 1 21 161 12320
1 -2 -2 2 -33 -12 1 -38 -4 1 40 | 62296 1 21 121 12311
1 -2 -2 2 -33 -12 1 -38 -14 1 40 | 17888 1 21 161 12320
2 -2 -2 -2 -2 2 -33 -12 1 -54 -22 3 40 40 | 22672 1 1 21 161 213 390 12320 19664
1 -2 -2 2 -33 -12 1 -118 -80 1 40 | 23920 1 21 161 12320
1 -2 -2 2 -33 -12 1 -102 -66 1 40 | 24544 1 21 161 12320
1 -2 -2 2 -33 -12 1 -101 -64 1 40 | 22984 1 21 161 12320
1 -2 -2 2 -33 -12 1 -126 -84 1 40 | 34424 1 21 161 12320
1 -2 -2 2 -33 -12 1 -60 -27 1 40 | 70616 1 21 161 12320
1 -2 -2 2 -33 -12 1 -85 -43 1 40 | 24856 1 21 161 12320
1 -2 -2 2 -33 -13 1 -44 -32 1 40 | 47736 1 21 148 12321
1 -2 -2 2 -33 -13 1 -3 -6 1 40 | 48256 1 21 148 11894
1 -2 -2 2 -33 -13 1 -31 9 1 40 | 43472 1 21 148 12009
1 -2 -2 2 -33 -13 1 -92 -16 1 40 | 52312 1 21 148 12321
1 -2 -2 2 -33 -13 1 -82 -3 1 44 | 76336 1 21 135 12529
1 -2 -2 2 -33 -13 1 -47 -7 1 40 | 21112 1 21 175 12321
1 -2 -2 2 -33 -13 1 -39 2 1 40 | 25168 1 21 183 12216
1 -2 -2 2 -33 -13 1 -47 -5 1 100 | 98280 2 191 381 15441 54755
1 -2 -2 2 -33 -13 1 -37 -5 1 40 | 33280 1 21 124 12311
1 -2 -2 2 -33 -13 1 -33 -28 1 40 | 20592 1 21 196 12321
1 -2 -2 2 -33 -13 1 -41 -17 1 40 | 22256 1 21 175 12321
1 -2 -2 2 -33 -13 1 -37 0 1 40 | 31512 1 21 167 12216
1 -2 -2 2 -33 -13 1 -50 1 1 40 | 23296 1 21 175 12321
1 -2 -2 2 -33 -13 1 -31 6 1 40 | 42224 3 25 153 12102 27230 38274
1 -2 -2 2 -33 -13 1 -51 12 1 40 | 30784 1 21 159 12217
1 -2 -2 2 -33 -13 1 -44 -26 1 40 | 66768 1 21 133 12321
1 -2 -2 2 -33 -13 1 -23 -18 1 40 | 36400 1 21 145 12310
1 -2 -2 2 -33 -13 1 -55 17 1 40 | 39208 1 21 149 12217
1 -2 -2 2 -33 -13 1 -16 -28 1 40 | 48048 1 21 148 12320
1 -2 -2 2 -33 -13 1 -7 -4 1 40 | 52000 2 33 148 11895 43723
1 -2 -2 2 -33 -13 1 -43 16 1 40 | 44304 1 21 133 12103
2 -2 -2 -2 -2 2 -33 -13 1 -95 -22 3 40 40 | 60632 1 1 21 148 245 379 12321 49875
1 -2 -2 2 -33 -13 1 -144 -73 1 40 | 140920 1 21 127 12321
1 -2 -2 2 -33 -13 1 -157 -79 1 40 | 52728 1 21 148 12321
1 -2 -2 2 -33 -13 1 -147 -67 1 40 | 57824 1 21 148 12321
1 -2 -2 2 -33 -13 1 -165 -94 1 40 | 61256 1 21 148 12321
1 -2 -2 2 -33 -13 1 -113 -40 1 40 | 57408 1 21 148 12321
1 -2 -2 2 -34 -13 1 -58 24 1 40 | 31304 2 21 149 12207 27499
1 -2 -2 2 -34 -13 1 -43 8 1 40 | 24648 1 21 137 12207
1 -2 -2 2 -34 -13 1 -11 -14 1 40 | 22360 1 21 149 12102
1 -2 -2 2 -34 -13 1 -25 8 1 40 | 19344 1 21 161 11998
1 -2 -2 2 -34 -13 1 -14 -12 1 40 | 19552 1 21 171 12103
1 -2 -2 2 -34 -13 1 -24 7 1 40 | 21736 1 21 147 11998
1 -2 -2 2 -34 -13 1 -34 -16 1 40 | 37440 1 21 157 12321
1 -2 -2 2 -34 -13 1 -32 7 1 40 | 24336 1 21 137 12102
1 -2 -2 2 -34 -13 1 -109 81 1 40 | 32760 1 21 149 12112
1 -2 -2 2 -34 -13 1 -98 65 1 40 | 27768 1 21 149 12206
1 -2 -2 2 -34 -13 1 -85 52 1 40 | 36608 2 21 149 12206 32832
1 -2 -2 2 -34 -13 1 -61 25 1 52 | 91416 1 21 143 12840
1 -2 -2 2 -34 -13 1 -80 49 1 40 | 25480 1 21 149 12113
1 -2 -2 2 -34 -13 1 -120 92 1 40 | 27248 1 21 149 12112
1 -2 -2 2 -32 -13 1 -19 -17 1 40 | 23816 1 21 187 12216
1 -2 -2 2 -32 -13 1 -23 -37 1 40 | 23712 1 21 187 12320
1 -2 -2 2 -32 -13 1 -35 -36 1 40 | 23816 1 21 187 12320
1 -2 -2 2 -32 -13 1 -23 -6 1 40 | 20384 1 21 177 12112
1 -2 -2 2 -32 -13 1 -33 -20 1 40 | 25584 1 21 171 12320
1 -2 -2 2 -32 -13 1 -39 -14 1 40 | 22880 1 21 173 12320
1 -2 -2 2 -32 -13 1 -50 -8 1 40 | 19760 1 21 187 12320
1 -2 -2 2 -32 -13 1 -58 -21 1 40 | 52208 2 21 163 12320 42522
1 -2 -2 2 -32 -13 1 -150 -113 1 40 | 35880 1 21 187 12320
1 -2 -2 2 -32 -13 1 -134 -98 1 40 | 31408 1 21 187 12320
1 -2 -2 2 -32 -13 1 -114 -77 1 40 | 34008 1 21 187 12320
1 -2 -2 2 -32 -13 1 -112 -68 1 40 | 31616 1 21 187 12320
1 -2 -2 2 -32 -13 1 -72 -35 1 40 | 27664 1 21 187 12320
1 -2 -2 2 -32 -13 1 -86 -43 1 40 | 25480 1 21 187 12320
1 -2 -2 2 -32 -14 1 -56 -12 1 40 | 50128 3 24 165 12321 37875 45649
1 -2 -2 2 -32 -14 1 -58 -27 1 40 | 40664 1 21 165 12321
1 -2 -2 2 -32 -14 1 -31 -14 1 40 | 42328 1 21 137 12320
1 -2 -2 2 -32 -14 1 -36 -7 1 40 | 17888 1 21 187 12311
1 -2 -2 2 -32 -14 1 -25 -22 1 40 | 38376 2 21 153 12321 34445
1 -2 -2 2 -32 -14 1 -14 -25 1 40 | 31720 1 21 165 12217
1 -2 -2 2 -32 -14 1 -28 4 1 40 | 31200 1 21 165 12102
1 -2 -2 2 -32 -14 1 -40 -6 1 40 | 24544 1 21 165 12321
1 -2 -2 2 -32 -14 1 -52 -26 1 40 | 52520 1 21 164 12321
1 -2 -2 2 -32 -14 1 -34 -30 1 40 | 29744 1 21 163 12321
1 -2 -2 2 -32 -14 1 -43 -30 1 40 | 32344 1 21 165 12321
1 -2 -2 2 -32 -14 1 -59 -3 1 40 | 31928 1 21 165 12321
1 -2 -2 2 -32 -14 1 -54 21 1 40 | 32240 1 21 165 12206
1 -2 -2 2 -32 -14 1 -119 87 1 40 | 35568 1 21 165 12206
1 -2 -2 2 -32 -14 1 -132 92 1 40 | 93288 1 21 137 12310
1 -2 -2 2 -32 -14 1 -75 34 1 40 | 32864 1 21 165 12310
1 -2 -2 2 -32 -14 1 -119 80 1 40 | 67912 1 21 133 12217
1 -2 -2 2 -32 -14 1 -85 50 1 40 | 34840 1 21 165 12207
1 -2 -2 2 -32 -14 1 -103 64 1 40 | 67080 1 21 133 12217
1 -2 -2 2 -33 -14 1 -21 35 0 40 | 88400 2 25 153 12321 68327
1 -2 -2 2 -33 -14 1 -4 29 0 40 | 92248 2 35 153 12321 68327
1 -2 -2 2 -33 -14 1 31 -11 0 40 | 79664 2 21 153 12321 68327
1 -2 -2 2 -33 -14 1 20 -23 0 40 | 76232 2 41 153 12415 68317
1 -2 -2 2 -33 -14 1 41 -10 1 40 | 80392 2 25 123 11374 69486
1 -2 -2 2 -33 -14 1 12 -37 1 40 | 86736 1 21 141 12102
1 -2 -2 2 -33 -14 1 6 -12 1 40 | 80288 2 25 153 11801 68899
1 -2 -2 2 -33 -14 1 1 -27 1 40 | 80184 2 25 153 12103 68601
1 -2 -2 2 -33 -14 1 -2 -22 1 40 | 71552 1 21 145 12102
1 -2 -2 2 -33 -14 1 -50 19 1 40 | 80288 2 25 153 12113 68531
1 -2 -2 2 -33 -14 1 -63 16 1 40 | 80288 2 25 153 12321 68375
1 -2 -2 2 -69 -50 1 -28 -72 0 38 | 107536 2 158 217 14495 69565
1 -2 -2 2 -105 -86 1 -63 -107 0 34 | 128544 2 195 273 16158 70822
1 -2 -2 2 -33 -14 1 -41 16 1 40 | 52728 1 21 165 12102
1 -2 -2 2 -33 -14 1 -30 -41 1 40 | 54184 1 21 165 12321
1 -2 -2 2 -33 -14 1 -2 -19 1 40 | 66560 1 21 141 12008
1 -2 -2 2 -33 -14 1 -61 5 1 40 | 80080 2 25 153 12321 68167
1 -2 -2 2 -33 -14 1 -56 14 1 40 | 54288 1 21 165 12311
1 -2 -2 2 -33 -14 1 -38 10 1 40 | 41808 1 21 164 12112
1 -2 -2 2 -33 -14 1 27 -19 1 40 | 73944 1 21 139 11686
1 -2 -2 2 -33 -14 1 44 2 1 40 | 80288 2 25 111 11167 69597
1 -2 -2 2 -33 -14 1 -60 -46 1 40 | 50960 1 21 165 12321
1 -2 -2 2 -33 -14 1 -42 -2 1 40 | 29016 1 21 151 12320
1 -2 -2 2 -33 -14 1 -44 4 1 44 | 39000 1 21 133 12518
1 -2 -2 2 -33 -14 1 -41 2 1 40 | 23088 1 21 175 12217
1 -2 -2 2 -33 -14 1 -64 -29 1 40 | 80288 2 25 153 12321 68359
1 -2 -2 2 -33 -14 1 -68 -35 1 40 | 80288 2 25 153 12321 68379
1 -2 -2 2 -33 -14 1 -37 -9 1 40 | 29432 1 21 123 12321
1 -2 -2 2 -33 -14 1 -28 -26 1 40 | 21216 1 21 193 12321
1 -2 -2 2 -33 -14 1 -20 -24 1 40 | 42120 1 21 141 12320
1 -2 -2 2 -33 -14 1 -12 -22 1 40 | 36712 1 21 151 12207
1 -2 -2 2 -33 -14 1 -7 -18 1 40 | 31824 3 21 179 12102 23566 28206
1 -2 -2 2 -33 -14 1 -18 -3 1 40 | 49712 1 21 143 12008
1 -2 -2 2 -33 -14 1 4 -38 0 40 | 80288 2 40 153 12830 67910
1 -2 -2 2 -33 -14 1 -42 -12 1 40 | 25896 1 21 175 12321
1 -2 -2 2 -33 -14 1 -15 -4 1 40 | 32136 1 21 163 11999
1 -2 -2 2 -33 -14 1 -32 -33 1 40 | 55744 3 25 159 12321 38163 51673
1 -2 -2 2 -33 -14 1 -48 -18 1 40 | 34008 1 21 165 12321
1 -2 -2 2 -33 -14 1 -39 10 1 40 | 43576 1 21 141 12112
1 -2 -2 2 -33 -14 1 17 -29 0 56 | 142584 2 115 217 13351 70709
1 -2 -2 2 -33 -14 1 27 -2 0 40 | 75088 2 21 153 12321 68327
1 -2 -2 2 -33 -14 1 -52 -33 1 40 | 68016 1 21 153 12321
1 -2 -2 2 -33 -14 1 -48 -47 1 40 | 42224 1 21 165 12321
1 -2 -2 2 -33 -14 1 -121 133 0 40 | 92144 2 25 153 12321 68327
1 -2 -2 2 -33 -14 1 -107 119 0 40 | 91416 2 25 153 12321 68327
1 -2 -2 2 -33 -14 1 -87 98 0 40 | 89440 2 25 153 12321 68327
1 -2 -2 2 -33 -14 1 -100 113 0 40 | 91520 3 25 153 12321 68327 86487
1 -2 -2 2 -33 -14 1 -71 81 0 40 | 84448 2 25 153 12321 68327
1 -2 -2 2 -33 -14 1 -73 86 0 40 | 90064 3 25 153 12321 68327 85075
1 -2 -2 2 -32 -12 1 -50 -25 1 40 | 45864 3 53 175 12320 23480 41940
1 -2 -2 2 -32 -12 1 -41 -12 1 40 | 21008 1 21 179 12320
1 -2 -2 2 -32 -12 1 -40 -8 1 40 | 44096 3 53 177 12320 22124 40584
1 -2 -2 2 -32 -12 1 -31 -18 1 40 | 17472 1 21 191 12320
1 -2 -2 2 -32 -12 1 -57 -27 1 40 | 19656 1 21 179 12320
1 -2 -2 2 -32 -12 1 -129 -102 1 40 | 30680 1 21 179 12320
1 -2 -2 2 -32 -12 1 -110 -88 1 40 | 38376 1 21 179 12320
1 -2 -2 2 -32 -12 1 -94 -72 1 40 | 37544 1 21 179 12320
1 -2 -2 2 -32 -12 1 -72 -40 1 40 | 25064 1 21 179 12320
1 -2 -2 2 -32 -12 1 -92 -62 1 40 | 21736 1 21 179 12320
1 -2 -2 2 -32 -12 1 -126 -96 1 40 | 23504 1 21 179 12320
1 -2 -2 2 -31 -13 1 -37 -16 1 40 | 19032 1 21 185 12320
1 -2 -2 2 -31 -13 1 -123 -101 1 40 | 23504 1 21 198 12320
1 -2 -2 2 -31 -13 1 -111 -83 1 40 | 31928 1 21 198 12320
1 -2 -2 2 -31 -13 1 -96 -73 1 40 | 20592 1 21 198 12320
1 -2 -2 2 -31 -13 1 -83 -59 1 40 | 19968 1 21 198 12320
1 -2 -2 2 -31 -13 1 -68 -47 1 40 | 24544 1 21 198 12320
1 -2 -2 2 -31 -13 1 -57 -32 1 40 | 25064 1 21 198 12320
