1 -2 -2 2 12 -11 0 -34 -6 1 40 | 25688 1 17 173 17734
1 -2 -2 2 12 -11 0 -34 -7 1 40 | 21112 1 17 195 17734
1 -2 -2 2 12 -11 0 -34 -10 1 40 | 22984 1 17 188 17744
1 -2 -2 2 12 -11 0 -33 -13 1 40 | 53768 1 17 148 17745
1 -2 -2 2 12 -11 0 -32 -12 1 40 | 24440 1 17 179 17744
1 -2 -2 2 -4 18 0 -33 -9 1 40 | 15600 1 21 192 10815
1 -2 -2 2 -4 18 0 -30 -12 1 40 | 29848 1 21 161 10815
1 -2 -2 2 -4 18 0 -34 -7 1 40 | 14144 1 21 195 10814
1 -2 -2 2 -4 18 0 -33 -8 1 40 | 22256 1 21 173 10814
1 2 2 2 -11 7 0 45 32 1 40 | 23504 1 45 179 12776
1 2 2 2 -11 7 0 42 32 1 40 | 16328 1 45 228 12683
1 2 2 2 -11 7 0 48 29 1 40 | 22672 1 45 185 12776
1 2 2 2 -11 7 0 47 32 1 40 | 17576 1 45 222 12777
1 2 2 2 -11 7 0 46 33 1 40 | 18720 1 45 195 12777
1 -2 -2 2 -5 10 0 -35 -16 1 40 | 22360 1 25 194 17499
1 -2 -2 2 -5 10 0 -34 -17 1 40 | 23088 1 25 167 17499
1 -2 -2 2 -5 10 0 -34 -19 1 40 | 78208 2 25 159 17592 73712
1 -2 -2 2 -5 10 0 -37 -13 1 40 | 25168 1 25 183 17499
1 -2 2 2 20 -13 0 -27 42 1 40 | 62296 1 42 171 26032
1 -2 2 2 20 -13 0 -26 42 1 40 | 31824 1 42 184 26032
1 -2 2 2 20 -13 0 -23 44 1 40 | 29640 1 42 224 26031
1 -2 2 2 20 -13 0 -22 43 1 40 | 29848 1 42 221 26022
1 2 -2 2 23 -10 0 44 -37 1 40 | 12480 1 60 238 9195
1 2 -2 2 23 -10 0 44 -39 1 40 | 24960 1 60 170 9196
1 2 -2 2 23 -10 0 47 -38 1 40 | 13208 1 60 229 9205
1 2 -2 2 23 -10 0 50 -37 1 40 | 45344 1 60 189 9206
1 2 -2 2 23 -10 0 49 -36 1 40 | 16016 1 60 220 9205
1 2 2 2 -11 14 0 31 42 1 40 | 43992 1 49 227 40274
1 2 2 2 -11 14 0 27 47 1 40 | 60528 1 49 193 40274
1 2 2 2 -11 14 0 30 44 1 40 | 45136 1 49 224 40274
1 2 2 2 -11 14 0 28 44 1 40 | 46488 1 49 195 40265
1 -2 -2 2 -6 8 0 -25 -18 1 40 | 66248 2 11 149 6527 62429
1 -2 -2 2 -6 8 0 -28 -12 1 40 | 13312 1 11 173 6526
1 -2 -2 2 -6 8 0 -28 -15 1 40 | 15392 1 11 169 6527
1 -2 -2 2 -6 8 0 -29 -18 1 40 | 17160 1 11 169 6537
1 -2 -2 2 -6 8 0 -26 -19 1 40 | 18096 1 11 187 6536
1 2 -2 2 2 2 0 12 -27 1 40 | 7072 1 16 195 3651
1 2 -2 2 2 2 0 14 -23 1 40 | 10296 1 16 172 3642
1 2 -2 2 2 2 0 15 -24 1 40 | 39520 1 16 141 3651
1 2 -2 2 2 2 0 12 -25 1 40 | 7488 1 16 181 3642
1 2 2 2 15 12 0 35 33 1 40 | 43472 1 41 170 7627
1 2 2 2 15 12 0 36 28 1 40 | 11024 1 41 220 7533
1 2 2 2 15 12 0 35 31 1 40 | 12688 1 41 189 7626
1 2 2 2 15 12 0 37 31 1 40 | 11440 1 41 218 7627
1 2 2 2 10 4 0 34 27 1 40 | 21944 1 31 203 10379
1 2 2 2 10 4 0 37 23 1 40 | 13624 1 31 217 10379
1 2 2 2 10 4 0 39 23 1 40 | 26104 1 31 149 10388
1 2 2 2 10 4 0 38 26 1 40 | 14456 1 31 208 10389
1 2 2 2 10 4 0 37 29 1 40 | 46488 1 31 168 10482
1 -2 2 2 2 16 0 -25 30 1 40 | 13000 1 26 212 9760
1 -2 2 2 2 16 0 -25 32 1 40 | 25480 1 26 144 9853
1 -2 2 2 2 16 0 -28 31 1 40 | 13624 1 26 203 9854
1 -2 2 2 2 16 0 -31 30 1 40 | 45864 1 26 163 9863
1 2 2 2 19 12 0 37 31 1 40 | 14040 1 39 225 10887
1 2 2 2 19 12 0 39 31 1 40 | 26520 1 39 157 10896
1 2 2 2 19 12 0 38 34 1 40 | 14768 1 39 216 10897
1 2 2 2 19 12 0 37 37 1 40 | 46904 1 39 176 10990
1 2 2 2 19 12 0 36 36 1 40 | 17680 1 39 207 10897
1 -2 -2 2 12 -13 0 -35 -8 1 40 | 22464 1 21 151 13044
1 -2 -2 2 12 -13 0 -34 -11 1 40 | 17888 1 21 188 13045
1 -2 -2 2 12 -13 0 -33 -12 1 40 | 18512 1 21 161 13045
1 -2 -2 2 12 -13 0 -33 -14 1 40 | 136864 2 57 153 13138 69050
1 -2 -2 2 17 -13 0 -34 -6 1 40 | 19760 1 21 173 12086
1 -2 -2 2 17 -13 0 -32 -9 1 40 | 16848 1 21 184 12086
1 -2 -2 2 17 -13 0 -31 -10 1 40 | 17472 1 21 157 12086
1 -2 -2 2 17 -13 0 -31 -12 1 56 | 142584 2 109 213 12919 70485
1 -2 -2 2 14 -13 0 -33 -7 1 40 | 15496 1 21 197 12306
1 -2 -2 2 14 -13 0 -35 -7 1 40 | 27976 1 21 129 12307
1 -2 -2 2 14 -13 0 -34 -10 1 40 | 17368 1 21 188 12316
1 -2 -2 2 14 -13 0 -33 -13 1 40 | 48256 1 21 148 12317
1 -2 -2 2 14 -13 0 -32 -12 1 40 | 19032 1 21 179 12316
1 -2 -2 2 21 2 0 -5 -39 1 40 | 17160 1 21 201 13892
1 -2 -2 2 21 2 0 -7 -40 1 40 | 23400 1 21 155 13893
1 -2 -2 2 21 2 0 -4 -46 1 40 | 33696 1 21 169 13987
1 -2 -2 2 21 2 0 -5 -46 1 40 | 74256 2 21 157 13987 70097
1 -2 2 2 -5 18 0 -23 29 1 40 | 15392 1 28 206 12111
1 -2 2 2 -5 18 0 -24 28 1 40 | 23504 1 28 184 12111
1 -2 2 2 -5 18 0 -28 29 1 40 | 21736 1 28 160 12206
1 -2 2 2 -5 18 0 -29 29 1 40 | 22464 1 28 160 12206
1 -2 2 2 -5 18 0 -29 26 1 40 | 15288 1 28 209 12205
1 -2 -2 2 -16 5 0 -3 -38 1 40 | 33696 1 21 173 21428
1 -2 -2 2 -16 5 0 -4 -37 1 40 | 24648 1 21 195 21428
1 -2 -2 2 -16 5 0 0 -42 1 40 | 41808 1 21 161 21428
1 -2 -2 2 -16 5 0 -3 -39 1 40 | 24960 1 21 192 21428
1 -2 -2 2 -17 16 0 -34 -6 1 40 | 20072 1 21 173 12306
1 -2 -2 2 -17 16 0 -34 -9 1 40 | 21112 1 21 169 12316
1 -2 -2 2 -17 16 0 -35 -12 1 40 | 22880 1 21 169 12410
1 -2 -2 2 -17 16 0 -32 -13 1 40 | 23816 1 21 187 12317
1 -2 -2 2 20 -19 0 -35 -7 1 40 | 27872 1 21 129 12215
1 -2 -2 2 20 -19 0 -34 -8 1 40 | 15704 1 21 198 12215
1 -2 -2 2 20 -19 0 -34 -10 1 40 | 17264 1 21 188 12224
1 -2 -2 2 20 -19 0 -33 -13 1 40 | 48256 1 21 148 12225
1 -2 -2 2 20 -19 0 -32 -12 1 40 | 18928 1 21 179 12224
1 -2 2 2 -29 -6 0 -22 61 1 40 | 40976 1 60 239 37273
1 -2 2 2 -29 -6 0 -25 60 1 40 | 44616 1 60 208 37274
1 -2 2 2 -29 -6 0 -25 62 1 40 | 43368 1 60 237 37283
1 -2 2 2 -29 -6 0 -28 59 1 40 | 56576 1 60 206 37283
1 -2 -2 2 24 5 0 -32 -9 1 40 | 18304 1 21 184 13418
1 -2 -2 2 24 5 0 -31 -10 1 40 | 18824 1 21 157 13418
1 -2 -2 2 24 5 0 -31 -12 1 40 | 113880 2 51 149 13419 69321
1 -2 -2 2 24 5 0 -34 -6 1 40 | 21216 1 21 173 13418
1 -2 -2 2 24 5 0 -34 -9 1 40 | 22256 1 21 169 13419
1 -2 -2 2 13 20 0 -37 -10 1 40 | 21840 1 21 155 12333
1 -2 -2 2 13 20 0 -36 -13 1 40 | 17472 1 21 192 12426
1 -2 -2 2 13 20 0 -35 -14 1 40 | 17888 1 21 165 12426
1 -2 -2 2 13 20 0 -35 -16 1 40 | 106912 3 39 129 12427 68537 97783
1 -2 2 2 0 20 0 -25 31 1 40 | 15288 1 26 210 11928
1 -2 2 2 0 20 0 -26 30 1 40 | 23400 1 26 188 11928
1 -2 2 2 0 20 0 -30 31 1 40 | 21632 1 26 164 12022
1 -2 2 2 0 20 0 -31 31 1 40 | 22360 1 26 164 12031
1 -2 2 2 -19 4 0 -32 49 1 40 | 37648 1 50 168 21808
1 -2 2 2 -19 4 0 -35 48 1 40 | 26312 1 50 227 21817
1 -2 2 2 -19 4 0 -38 46 1 40 | 33592 1 50 226 21817
1 -2 2 2 -19 4 0 -37 46 1 40 | 28808 1 50 218 21817
1 -2 2 2 -19 4 0 -33 49 1 40 | 31512 1 50 190 21808
1 -2 2 2 -18 1 0 -24 54 1 40 | 20800 1 58 232 17110
1 -2 2 2 -18 1 0 -27 54 1 40 | 21944 1 58 225 17204
1 -2 2 2 -18 1 0 -29 52 1 40 | 24128 1 58 216 17204
1 -2 2 2 -18 1 0 -30 54 1 40 | 27872 1 58 186 17213
1 2 -2 2 3 8 0 23 -39 1 40 | 29848 1 40 184 19131
1 2 -2 2 3 8 0 24 -36 1 40 | 30784 1 40 202 19038
1 2 -2 2 3 8 0 20 -39 1 40 | 22464 1 40 216 19037
1 2 -2 2 3 8 0 20 -41 1 40 | 34944 1 40 148 19038
1 2 -2 2 3 8 0 23 -40 1 40 | 24232 1 40 207 19131
1 2 2 2 0 8 0 45 19 1 40 | 14040 1 37 220 10366
1 2 2 2 0 8 0 44 22 1 40 | 16640 1 37 189 10367
1 2 2 2 0 8 0 46 22 1 40 | 15392 1 37 218 10460
1 2 2 2 0 8 0 43 25 1 40 | 29640 1 37 187 10460
1 -2 -2 2 -26 -4 0 -22 -63 1 40 | 50024 1 55 227 38347
1 -2 -2 2 -26 -4 0 -25 -62 1 40 | 50544 1 55 209 38356
1 -2 -2 2 -26 -4 0 -24 -59 1 40 | 49192 1 55 209 38346
1 -2 -2 2 -26 -4 0 -24 -56 1 40 | 45240 1 55 213 38253
1 -2 -2 2 -27 -2 0 -55 -21 1 40 | 34320 1 47 230 31050
1 -2 -2 2 -27 -2 0 -58 -21 1 40 | 41496 1 47 181 31060
1 -2 -2 2 -27 -2 0 -58 -20 1 40 | 40664 1 47 181 31051
1 -2 -2 2 -27 -2 0 -57 -16 1 40 | 42536 1 47 205 30957
1 -2 -2 2 -27 -2 0 -58 -15 1 40 | 34424 1 47 227 30957
1 -2 -2 2 -31 -8 0 -27 -62 1 40 | 42536 1 67 221 30054
1 -2 -2 2 -31 -8 0 -28 -61 1 40 | 33488 1 67 243 30054
1 -2 -2 2 -31 -8 0 -24 -66 1 40 | 50648 1 67 209 30054
1 -2 -2 2 -31 -8 0 -27 -63 1 40 | 33800 1 67 240 30054
1 -2 -2 2 -31 -11 0 -65 -43 1 40 | 61464 1 73 210 25251
1 -2 -2 2 -31 -11 0 -66 -40 1 40 | 30576 1 73 250 25250
1 -2 -2 2 -31 -11 0 -67 -37 1 40 | 41080 1 73 191 25157
1 -2 -2 2 -31 -11 0 -65 -37 1 40 | 28600 1 73 259 25156
1 -2 -2 2 -31 -11 0 -62 -41 1 40 | 36920 1 73 245 25156
1 2 -2 2 10 0 0 30 -29 1 40 | 11856 1 30 182 6450
1 2 -2 2 10 0 0 29 -27 1 40 | 11960 1 30 172 6449
1 2 -2 2 10 0 0 26 -30 1 40 | 9880 1 30 210 6449
1 2 -2 2 10 0 0 27 -29 1 40 | 17992 1 30 188 6449
1 -2 -2 2 1 -8 0 -27 -26 1 40 | 17888 1 17 175 7434
1 -2 -2 2 1 -8 0 -25 -26 1 40 | 12792 1 17 167 7341
1 -2 -2 2 1 -8 0 -26 -20 1 40 | 14144 1 17 179 7330
1 -2 -2 2 1 -8 0 -26 -23 1 40 | 16224 1 17 175 7340
1 -2 -2 2 19 6 0 -8 -42 1 40 | 18304 1 29 206 14771
1 -2 -2 2 19 6 0 -5 -43 1 40 | 19864 1 29 171 14770
1 -2 -2 2 19 6 0 -8 -43 1 40 | 24960 1 29 177 14771
1 -2 -2 2 19 6 0 -7 -44 1 40 | 26104 1 29 173 14771
1 -2 -2 2 19 6 0 -4 -44 1 40 | 21528 1 29 183 14770
1 2 -2 2 17 3 0 18 -27 1 40 | 12168 1 22 168 6779
1 2 -2 2 17 3 0 18 -29 1 40 | 10816 1 22 197 6780
1 2 -2 2 17 3 0 15 -29 1 40 | 16016 1 22 152 6779
1 2 -2 2 17 3 0 20 -26 1 40 | 18096 1 22 188 6780
1 -2 2 2 13 -3 0 -21 27 1 40 | 16848 1 22 190 5346
1 -2 2 2 13 -3 0 -16 29 1 40 | 8840 1 22 201 5252
1 -2 2 2 13 -3 0 -19 29 1 40 | 9256 1 22 191 5346
1 -2 2 2 13 -3 0 -20 27 1 40 | 12064 1 22 182 5345
1 -2 2 2 13 -3 0 -21 29 1 40 | 15808 1 22 152 5355
1 -2 -2 2 8 -9 0 -35 -8 1 40 | 26208 1 21 151 16792
1 -2 -2 2 8 -9 0 -34 -11 1 40 | 21736 1 21 188 16793
1 -2 -2 2 8 -9 0 -33 -12 1 40 | 22256 1 21 161 16793
1 -2 -2 2 8 -9 0 -33 -14 1 40 | 79352 2 39 153 16886 72798
1 2 -2 2 -110 -86 0 -58 -134 1 40 | 24544 1 48 192 18604
1 2 -2 2 -110 -86 0 -59 -135 1 40 | 28184 1 48 219 18604
1 2 -2 2 -110 -86 0 -62 -136 1 40 | 28496 1 48 182 18603
1 2 -2 2 -110 -86 0 -59 -130 1 40 | 22152 1 48 225 18593
1 -2 -2 2 -105 -84 0 -126 -94 1 40 | 22256 1 197 374 19248
1 -2 -2 2 -105 -84 0 -129 -94 1 40 | 29536 1 197 325 19258
1 -2 -2 2 -105 -84 0 -129 -92 1 40 | 24440 1 197 364 19249
1 -2 -2 2 -105 -84 0 -131 -89 1 40 | 27248 1 197 353 19248
1 -2 -2 2 -105 -84 0 -131 -91 1 40 | 22568 1 197 378 19249
1 -2 2 2 -107 -84 0 -137 -48 1 40 | 27664 1 62 245 23932
1 -2 2 2 -107 -84 0 -139 -52 1 40 | 30888 1 62 222 23931
1 -2 2 2 -107 -84 0 -140 -51 1 40 | 60112 1 62 191 23932
1 -2 2 2 -107 -84 0 -137 -50 1 40 | 28184 1 62 231 23931
1 -2 2 2 -59 -34 0 -99 13 1 40 | 34424 1 82 254 22334
1 -2 2 2 -59 -34 0 -98 16 1 40 | 35360 1 82 236 22343
1 -2 2 2 -59 -34 0 -92 15 1 40 | 29744 1 82 240 22240
1 -2 2 2 -59 -34 0 -95 15 1 40 | 34112 1 82 236 22333
1 -2 2 2 -59 -34 0 -96 15 1 40 | 27040 1 82 255 22334
1 -2 -2 2 -48 -29 0 -87 -51 1 40 | 58240 1 113 240 21993
1 -2 -2 2 -48 -29 0 -87 -45 1 40 | 25376 1 113 289 21982
1 -2 -2 2 -48 -29 0 -88 -46 1 40 | 25688 1 113 290 21983
1 -2 -2 2 -48 -29 0 -88 -47 1 40 | 30992 1 113 261 21992
1 -2 -2 2 -63 -42 0 -87 -52 1 40 | 27352 1 113 241 17074
1 -2 -2 2 -63 -42 0 -86 -51 1 40 | 22360 1 113 253 17065
1 -2 -2 2 -63 -42 0 -87 -50 1 40 | 22256 1 113 280 17065
1 -2 -2 2 -63 -42 0 -88 -48 1 40 | 20176 1 113 293 17064
1 -2 2 2 -104 -82 0 -106 -35 1 40 | 26520 1 50 227 23002
1 -2 2 2 -104 -82 0 -108 -39 1 40 | 29744 1 50 204 23001
1 -2 2 2 -104 -82 0 -109 -38 1 40 | 58968 1 50 173 23002
1 -2 2 2 -104 -82 0 -106 -37 1 40 | 27664 1 50 213 23001
1 -2 2 2 -104 -82 0 -103 -36 1 40 | 42328 1 50 154 22908
1 2 -2 2 -102 -74 0 -54 -131 1 40 | 57304 1 48 179 20874
1 2 -2 2 -102 -74 0 -54 -132 1 40 | 31720 1 48 180 20967
1 2 -2 2 -102 -74 0 -57 -132 1 40 | 30264 1 48 219 20873
1 2 -2 2 -102 -74 0 -60 -131 1 40 | 24440 1 48 228 20863
1 -2 -2 2 -99 -78 0 -121 -87 1 40 | 25480 1 185 343 18936
1 -2 -2 2 -99 -78 0 -122 -88 1 40 | 54704 1 185 312 18937
1 -2 -2 2 -99 -78 0 -122 -86 1 40 | 25584 1 185 331 18936
1 -2 -2 2 -99 -78 0 -124 -85 1 40 | 30368 1 185 341 18937
1 -2 -2 2 -99 -78 0 -124 -84 1 40 | 22048 1 185 365 18936
1 -2 2 2 -51 -23 0 -29 57 1 40 | 42952 1 58 218 31267
1 -2 2 2 -51 -23 0 -28 58 1 40 | 34840 1 58 240 31267
1 -2 2 2 -51 -23 0 -35 57 1 40 | 102544 3 58 198 31278 87700 97308
1 -2 2 2 -51 -23 0 -34 58 1 40 | 41912 1 58 194 31278
1 -2 -2 2 -76 -50 0 -97 -70 1 40 | 25168 1 135 275 15676
1 -2 -2 2 -76 -50 0 -97 -74 1 40 | 26208 1 135 293 15770
1 -2 -2 2 -76 -50 0 -94 -74 1 40 | 22464 1 135 303 15677
1 -2 -2 2 -76 -50 0 -95 -69 1 40 | 18824 1 135 321 15667
1 -2 2 2 -83 -55 0 -116 -29 1 40 | 31304 1 58 241 27849
1 -2 2 2 -83 -55 0 -113 -23 1 40 | 37648 1 58 198 27943
1 -2 2 2 -83 -55 0 -116 -24 1 40 | 31928 1 58 235 27944
1 -2 2 2 -83 -55 0 -117 -25 1 40 | 33592 1 58 208 27944
1 -2 2 2 -83 -55 0 -119 -25 1 40 | 89648 2 58 200 27953 84469
1 -2 -2 2 -85 -58 0 -101 -81 1 40 | 40976 1 159 301 21986
1 -2 -2 2 -85 -58 0 -104 -78 1 40 | 27040 1 159 332 21986
1 -2 -2 2 -85 -58 0 -102 -78 1 40 | 28392 1 159 303 21977
1 -2 -2 2 -85 -58 0 -103 -75 1 40 | 25376 1 159 334 21976
1 -2 -2 2 -85 -59 0 -103 -79 1 40 | 21008 1 147 332 15981
1 -2 -2 2 -85 -59 0 -102 -80 1 40 | 25480 1 147 285 15981
1 -2 -2 2 -85 -59 0 -100 -80 1 40 | 22672 1 147 315 15980
1 -2 -2 2 -85 -59 0 -103 -76 1 40 | 25376 1 147 287 15971
1 -2 -2 2 -85 -59 0 -99 -81 1 40 | 19136 1 147 334 15980
1 -2 -2 2 -43 -15 0 -83 -43 1 40 | 63128 1 91 276 57070
1 -2 -2 2 -43 -15 0 -81 -43 1 40 | 64480 1 91 247 56977
1 -2 -2 2 -43 -15 0 -82 -40 1 40 | 60736 1 91 278 56976
1 -2 -2 2 -43 -15 0 -78 -42 1 40 | 63960 1 91 255 56967
1 -2 2 2 -93 -65 0 -122 -34 1 40 | 32032 1 58 242 28370
1 -2 2 2 -93 -65 0 -123 -35 1 40 | 43680 1 58 220 28370
1 -2 2 2 -93 -65 0 -127 -34 1 40 | 42640 1 58 196 28464
1 -2 2 2 -93 -65 0 -128 -34 1 40 | 43368 1 58 196 28473
1 -2 -2 2 -95 -68 0 -110 -90 1 40 | 25688 1 179 354 22497
1 -2 -2 2 -95 -68 0 -113 -90 1 40 | 32864 1 179 305 22507
1 -2 -2 2 -95 -68 0 -113 -89 1 40 | 31928 1 179 305 22506
1 -2 -2 2 -95 -68 0 -112 -85 1 40 | 33904 1 179 329 22496
1 -2 -2 2 -95 -68 0 -113 -84 1 40 | 25688 1 179 351 22496
1 2 -2 2 -67 -43 0 -16 -89 1 40 | 35776 1 48 192 16366
1 2 -2 2 -67 -43 0 -19 -92 1 40 | 23712 1 48 223 16366
1 2 -2 2 -67 -43 0 -19 -90 1 40 | 25064 1 48 194 16365
1 2 -2 2 -67 -43 0 -22 -91 1 40 | 20176 1 48 225 16272
1 -2 -2 2 -72 -53 0 -110 -74 1 40 | 30160 1 161 319 23240
1 -2 -2 2 -72 -53 0 -111 -75 1 40 | 59488 1 161 288 23241
1 -2 -2 2 -72 -53 0 -111 -70 1 40 | 34944 1 161 313 23231
1 -2 -2 2 -72 -53 0 -112 -72 1 40 | 28912 1 161 328 23240
1 -2 -2 2 -72 -53 0 -112 -74 1 40 | 32968 1 161 289 23241
1 -2 -2 2 -77 -59 0 -98 -72 1 40 | 19136 1 139 326 15775
1 -2 -2 2 -77 -59 0 -96 -76 1 40 | 22464 1 139 307 15784
1 -2 -2 2 -77 -59 0 -98 -76 1 40 | 25272 1 139 277 15785
1 -2 -2 2 -77 -59 0 -98 -73 1 40 | 24544 1 139 297 15775
1 -2 2 2 -89 -66 0 -119 -29 1 40 | 32760 1 62 198 22996
1 -2 2 2 -89 -66 0 -122 -35 1 40 | 26416 1 62 241 22995
1 -2 2 2 -89 -66 0 -122 -32 1 40 | 37752 1 62 192 22996
1 -2 2 2 -89 -66 0 -121 -32 1 40 | 36920 1 62 192 22996
1 -2 2 2 -92 -74 0 -118 -33 1 40 | 39416 1 60 218 31819
1 -2 2 2 -92 -74 0 -123 -34 1 40 | 38168 1 60 212 31913
1 -2 2 2 -92 -74 0 -122 -36 1 40 | 37648 1 60 202 31820
1 -2 2 2 -92 -74 0 -124 -32 1 40 | 46696 1 60 214 31923
1 -2 2 2 -92 -74 0 -120 -32 1 40 | 41704 1 60 196 31913
