2 -2 -2 -2 -2 2 -33 -7 1 -47 -29 3 40 40 | 20592 1 1 21 197 203 390 12310 17436
2 -2 -2 -2 -2 2 -33 -7 1 -48 -28 3 40 40 | 24128 1 1 21 197 203 371 12310 17436
2 -2 -2 -2 -2 2 -33 -7 1 -49 -30 3 40 40 | 90272 2 2 25 197 203 345 12310 78434 17437 73235
2 -2 -2 -2 -2 2 -33 -7 1 -48 -30 3 40 40 | 36400 1 1 21 197 203 357 12310 17437
2 -2 -2 -2 -2 2 -33 -7 1 -48 -29 3 40 40 | 28912 1 1 21 197 203 379 12310 17436
2 -2 -2 -2 -2 2 -33 -7 1 -50 -29 3 40 40 | 27768 1 1 21 197 203 341 12310 17437
2 -2 -2 -2 -2 2 -33 -7 1 -49 -29 3 40 40 | 53352 1 1 21 197 203 340 12310 17437
2 -2 -2 -2 -2 2 -33 -7 1 -49 -28 3 40 40 | 22776 1 1 21 197 203 353 12310 17436
2 -2 -2 -2 -2 2 -33 -7 1 -51 -27 3 40 40 | 22464 1 1 21 197 203 388 12310 17437
2 -2 -2 -2 -2 2 -33 -7 1 -51 -28 3 40 40 | 27872 1 1 21 197 203 361 12310 17437
2 -2 -2 -2 -2 2 -33 -7 1 -50 -28 3 40 40 | 26936 1 1 21 197 203 341 12310 17437
2 -2 -2 -2 -2 2 -33 -7 1 -50 -26 3 40 40 | 22360 1 1 21 197 203 380 12310 17436
2 -2 -2 -2 -2 2 -33 -7 1 -50 -27 3 40 40 | 22360 1 1 21 197 203 380 12310 17436
2 -2 -2 -2 -2 2 -33 -7 1 -49 -27 3 40 40 | 23816 1 1 21 197 203 359 12310 17436
2 -2 -2 -2 -2 2 -33 -7 1 -50 -25 3 40 40 | 26208 1 1 21 197 203 361 12310 17427
2 -2 -2 -2 -2 2 -33 -7 1 -49 -24 3 40 40 | 28808 1 1 21 197 203 365 12310 17426
2 -2 -2 -2 -2 2 -33 -7 1 -51 -23 3 40 40 | 32968 1 1 21 197 203 321 12310 17427
2 -2 -2 -2 -2 2 -33 -7 1 -51 -24 3 40 40 | 26832 1 1 21 197 203 343 12310 17427
2 -2 -2 -2 -2 2 -33 -7 1 -50 -24 3 40 40 | 20800 1 1 21 197 203 390 12310 17427
2 -2 -2 -2 -2 2 -33 -7 1 -50 -22 3 40 40 | 25064 1 1 21 197 203 365 12310 17426
2 -2 -2 -2 -2 2 -33 -7 1 -50 -23 3 40 40 | 20696 1 1 21 197 203 387 12310 17426
2 -2 -2 -2 -2 2 -33 -7 1 -49 -23 3 40 40 | 20488 1 1 21 197 203 389 12310 17426
2 -2 -2 -2 -2 2 -34 -7 1 -49 -31 3 40 40 | 20800 1 1 21 195 207 394 12310 17630
2 -2 -2 -2 -2 2 -34 -7 1 -50 -30 3 40 40 | 24232 1 1 21 195 207 375 12310 17630
2 -2 -2 -2 -2 2 -34 -7 1 -51 -32 3 40 40 | 90584 2 2 25 195 207 349 12310 78742 17640 73532
2 -2 -2 -2 -2 2 -34 -7 1 -50 -32 3 40 40 | 36608 1 1 21 195 207 361 12310 17631
2 -2 -2 -2 -2 2 -34 -7 1 -50 -31 3 40 40 | 29120 1 1 21 195 207 383 12310 17631
2 -2 -2 -2 -2 2 -34 -7 1 -52 -31 3 40 40 | 27976 1 1 21 195 207 345 12310 17640
2 -2 -2 -2 -2 2 -34 -7 1 -51 -31 3 40 40 | 53560 1 1 21 195 207 344 12310 17631
2 -2 -2 -2 -2 2 -34 -7 1 -51 -30 3 40 40 | 22984 1 1 21 195 207 357 12310 17631
2 -2 -2 -2 -2 2 -34 -7 1 -53 -29 3 40 40 | 22672 1 1 21 195 207 392 12310 17631
2 -2 -2 -2 -2 2 -34 -7 1 -53 -30 3 40 40 | 28080 1 1 21 195 207 365 12310 17640
2 -2 -2 -2 -2 2 -34 -7 1 -52 -30 3 40 40 | 27144 1 1 21 195 207 345 12310 17631
2 -2 -2 -2 -2 2 -34 -7 1 -52 -28 3 40 40 | 22568 1 1 21 195 207 384 12310 17630
2 -2 -2 -2 -2 2 -34 -7 1 -52 -29 3 40 40 | 22568 1 1 21 195 207 384 12310 17631
2 -2 -2 -2 -2 2 -34 -7 1 -51 -29 3 40 40 | 23920 1 1 21 195 207 363 12310 17630
2 -2 -2 -2 -2 2 -34 -7 1 -52 -27 3 40 40 | 26416 1 1 21 195 207 365 12310 17630
2 -2 -2 -2 -2 2 -34 -7 1 -51 -26 3 40 40 | 29016 1 1 21 195 207 369 12310 17537
2 -2 -2 -2 -2 2 -34 -7 1 -53 -25 3 40 40 | 33176 1 1 21 195 207 325 12310 17537
2 -2 -2 -2 -2 2 -34 -7 1 -53 -26 3 40 40 | 27040 1 1 21 195 207 347 12310 17630
2 -2 -2 -2 -2 2 -34 -7 1 -52 -26 3 40 40 | 21008 1 1 21 195 207 394 12310 17537
2 -2 -2 -2 -2 2 -34 -7 1 -52 -24 3 40 40 | 25272 1 1 21 195 207 369 12310 17536
2 -2 -2 -2 -2 2 -34 -7 1 -52 -25 3 40 40 | 20904 1 1 21 195 207 391 12310 17537
2 -2 -2 -2 -2 2 -34 -7 1 -51 -25 3 40 40 | 20696 1 1 21 195 207 393 12310 17536
2 -2 -2 2 -2 2 -34 -6 1 15 -63 3 68 40 | 94224 1 2 21 181 48 184 13766 24503 81247
2 -2 -2 2 -2 2 -34 -6 1 15 -62 3 40 40 | 40976 1 1 21 173 48 196 12310 21498
2 -2 -2 2 -2 2 -34 -6 1 14 -62 3 40 40 | 33488 1 1 21 165 48 218 12310 21498
2 -2 -2 2 -2 2 -34 -6 1 14 -63 3 40 40 | 57928 1 1 21 163 48 179 12310 21498
2 -2 -2 2 -2 2 -34 -6 1 13 -63 3 40 40 | 27352 1 1 21 173 48 192 12310 21498
2 -2 -2 2 -2 2 -34 -6 1 12 -59 3 40 40 | 25064 1 1 21 173 48 225 12310 21487
2 -2 -2 2 -2 2 -34 -6 1 13 -62 3 40 40 | 28704 1 1 21 173 48 210 12310 21497
2 -2 -2 2 -2 2 -34 -6 1 12 -64 3 40 40 | 31512 2 1 21 173 48 219 12310 27632 21498
2 -2 -2 2 -2 2 -34 -6 1 14 -64 3 40 40 | 32344 1 1 21 173 48 180 12310 21591
2 -2 -2 2 -2 2 -34 -6 1 13 -64 3 40 40 | 31512 1 1 21 173 48 180 12310 21498
2 -2 -2 2 -2 2 -34 -6 1 13 -65 3 40 40 | 32448 1 1 21 173 48 200 12310 21591
2 -2 -2 2 -2 2 -34 -6 1 12 -65 3 40 40 | 31616 2 1 21 173 48 227 12310 27736 21498
2 -2 -2 2 -2 2 -34 -6 1 12 -63 3 40 40 | 32968 2 1 21 173 48 198 12310 29058 21497
2 -2 -2 2 -2 2 -34 -6 1 11 -64 3 40 40 | 31512 2 1 21 173 48 219 12310 27676 21497
2 -2 -2 2 -2 2 -34 -6 1 10 -64 3 40 40 | 30784 1 1 21 161 48 200 12310 21497
2 -2 -2 2 -2 2 -34 -6 1 9 -65 3 40 40 | 31408 1 1 21 173 48 182 12310 21497
2 -2 -2 2 -2 2 -34 -6 1 9 -64 3 40 40 | 25376 1 1 21 173 48 229 12310 21488
2 -2 -2 2 -2 2 -34 -6 1 9 -63 3 40 40 | 33384 1 1 21 173 48 204 12310 21488
2 -2 -2 2 -2 2 -34 -6 1 8 -63 3 40 40 | 25064 1 1 21 173 48 228 12310 21487
2 -2 -2 2 -2 2 -34 -6 1 8 -65 3 40 40 | 37544 1 1 21 161 48 160 12310 21488
2 -2 -2 2 -2 2 -34 -6 1 8 -64 3 40 40 | 25272 1 1 21 173 48 226 12310 21488
2 -2 -2 2 -2 2 -34 -6 1 7 -64 3 40 40 | 34216 2 1 21 173 48 204 12310 30362 21487
2 -2 -2 -2 -2 2 -34 -8 1 -52 -32 3 40 40 | 24440 1 1 21 198 211 379 12311 17653
2 -2 -2 -2 -2 2 -34 -8 1 -53 -34 3 40 40 | 90792 2 2 25 198 211 353 12311 78953 17746 73658
2 -2 -2 -2 -2 2 -34 -8 1 -52 -34 3 40 40 | 36712 1 1 21 198 211 365 12311 17746
2 -2 -2 -2 -2 2 -34 -8 1 -52 -33 3 40 40 | 29224 1 1 21 198 211 387 12311 17653
2 -2 -2 -2 -2 2 -34 -8 1 -54 -33 3 40 40 | 28080 1 1 21 198 211 349 12311 17746
2 -2 -2 -2 -2 2 -34 -8 1 -53 -33 3 40 40 | 53664 1 1 21 198 211 348 12311 17746
2 -2 -2 -2 -2 2 -34 -8 1 -53 -32 3 40 40 | 23088 1 1 21 198 211 361 12311 17653
2 -2 -2 -2 -2 2 -34 -8 1 -55 -31 3 40 40 | 22776 1 1 21 198 211 396 12311 17746
2 -2 -2 -2 -2 2 -34 -8 1 -55 -32 3 40 40 | 28184 1 1 21 198 211 369 12311 17746
2 -2 -2 -2 -2 2 -34 -8 1 -54 -32 3 40 40 | 27248 1 1 21 198 211 349 12311 17746
2 -2 -2 -2 -2 2 -34 -8 1 -54 -30 3 40 40 | 22672 1 1 21 198 211 388 12311 17653
2 -2 -2 -2 -2 2 -34 -8 1 -54 -31 3 40 40 | 22672 1 1 21 198 211 388 12311 17653
2 -2 -2 -2 -2 2 -34 -8 1 -53 -31 3 40 40 | 24128 1 1 21 198 211 367 12311 17653
2 -2 -2 -2 -2 2 -34 -8 1 -54 -29 3 40 40 | 26520 1 1 21 198 211 369 12311 17652
2 -2 -2 -2 -2 2 -34 -8 1 -53 -28 3 40 40 | 29120 1 1 21 198 211 373 12311 17643
2 -2 -2 -2 -2 2 -34 -8 1 -55 -27 3 40 40 | 33280 1 1 21 198 211 329 12311 17652
2 -2 -2 -2 -2 2 -34 -8 1 -54 -28 3 40 40 | 21112 1 1 21 198 211 398 12311 17652
2 -2 -2 -2 -2 2 -34 -8 1 -54 -26 3 40 40 | 25376 1 1 21 198 211 373 12311 17643
2 -2 -2 -2 -2 2 -34 -8 1 -54 -27 3 40 40 | 21008 1 1 21 198 211 395 12311 17643
2 -2 -2 -2 -2 2 -34 -8 1 -53 -27 3 40 40 | 20800 1 1 21 198 211 397 12311 17643
2 -2 -2 -2 -2 2 -34 -8 1 -49 -31 3 40 40 | 20800 1 1 21 198 211 394 12311 17643
2 -2 -2 -2 -2 2 -34 -8 1 -55 -28 3 40 40 | 27144 1 1 21 198 211 351 12311 17652
2 -2 -2 -2 -2 2 -35 -8 1 -50 -30 3 40 40 | 26728 1 1 21 151 219 394 12311 23537
2 -2 -2 -2 -2 2 -35 -8 1 -51 -29 3 40 40 | 30160 1 1 21 151 219 375 12311 23537
2 -2 -2 -2 -2 2 -35 -8 1 -52 -31 3 60 40 | 142896 3 2 33 165 307 429 13351 87759 99971 25627 81425
2 -2 -2 -2 -2 2 -35 -8 1 -51 -31 3 40 40 | 42536 1 1 21 151 219 361 12311 23546
2 -2 -2 -2 -2 2 -35 -8 1 -51 -30 3 40 40 | 34944 1 1 21 151 219 383 12311 23546
2 -2 -2 -2 -2 2 -35 -8 1 -53 -30 3 40 40 | 33904 1 1 21 151 219 345 12311 23547
2 -2 -2 -2 -2 2 -35 -8 1 -52 -30 3 40 40 | 59384 1 1 21 151 219 344 12311 23546
2 -2 -2 -2 -2 2 -35 -8 1 -52 -29 3 40 40 | 28912 1 1 21 151 219 357 12311 23546
2 -2 -2 -2 -2 2 -35 -8 1 -54 -28 3 40 40 | 28600 1 1 21 151 219 392 12311 23546
2 -2 -2 -2 -2 2 -35 -8 1 -54 -29 3 40 40 | 34008 1 1 21 151 219 365 12311 23547
2 -2 -2 -2 -2 2 -35 -8 1 -53 -29 3 40 40 | 32968 1 1 21 151 219 345 12311 23546
2 -2 -2 -2 -2 2 -35 -8 1 -53 -27 3 40 40 | 28600 1 1 21 151 219 384 12311 23537
2 -2 -2 -2 -2 2 -35 -8 1 -53 -28 3 40 40 | 28496 1 1 21 151 219 384 12311 23546
2 -2 -2 -2 -2 2 -35 -8 1 -52 -28 3 40 40 | 29952 1 1 21 151 219 363 12311 23537
2 -2 -2 -2 -2 2 -35 -8 1 -53 -26 3 40 40 | 32240 1 1 21 151 219 365 12311 23537
2 -2 -2 -2 -2 2 -35 -8 1 -52 -25 3 40 40 | 34944 1 1 21 151 219 369 12311 23536
2 -2 -2 -2 -2 2 -35 -8 1 -54 -24 3 40 40 | 39104 1 1 21 151 219 325 12311 23536
2 -2 -2 -2 -2 2 -35 -8 1 -54 -25 3 40 40 | 32864 1 1 21 151 219 347 12311 23537
2 -2 -2 -2 -2 2 -35 -8 1 -53 -25 3 40 40 | 26936 1 1 21 151 219 394 12311 23536
2 -2 -2 -2 -2 2 -35 -8 1 -53 -23 3 40 40 | 31304 1 1 21 151 219 369 12311 23443
2 -2 -2 -2 -2 2 -35 -8 1 -53 -24 3 40 40 | 26728 1 1 21 151 219 391 12311 23536
2 -2 -2 -2 -2 2 -35 -8 1 -52 -24 3 40 40 | 26624 1 1 21 151 219 393 12311 23443
2 -2 -2 -2 2 2 -35 -7 1 -68 19 3 40 40 | 32968 1 1 21 129 58 241 12311 29513
2 -2 -2 -2 2 2 -35 -7 1 -64 23 3 40 40 | 32968 1 1 21 129 58 244 12310 29513
2 -2 -2 -2 2 2 -35 -7 1 -64 24 3 40 40 | 33176 1 1 21 129 58 242 12310 29514
2 -2 -2 -2 2 2 -35 -7 1 -63 24 3 40 40 | 36608 1 1 21 129 58 220 12217 29513
2 -2 -2 -2 2 2 -35 -7 1 -65 24 3 40 40 | 33280 1 1 21 129 58 245 12310 29514
2 -2 -2 -2 2 2 -35 -7 1 -65 25 3 40 40 | 39312 1 1 21 129 58 198 12310 29607
2 -2 -2 -2 2 2 -35 -7 1 -64 25 3 40 40 | 50648 2 1 21 129 58 176 12217 46801 29514
2 -2 -2 -2 2 2 -35 -7 1 -65 23 3 40 40 | 45968 2 1 21 129 58 220 12311 42033 29514
2 -2 -2 -2 2 2 -35 -7 1 -66 24 3 40 40 | 44200 2 1 21 129 58 216 12311 40331 29607
2 -2 -2 -2 2 2 -35 -7 1 -68 23 3 40 40 | 34944 1 1 21 129 58 214 12311 29607
2 -2 -2 -2 2 2 -35 -7 1 -68 24 3 40 40 | 33592 1 1 21 129 58 235 12311 29608
2 -2 -2 -2 2 2 -35 -7 1 -67 24 3 40 40 | 33592 1 1 21 129 58 235 12311 29607
2 -2 -2 -2 2 2 -35 -7 1 -69 24 3 40 40 | 44928 2 1 21 129 58 196 12311 41027 29608
2 -2 -2 -2 2 2 -35 -7 1 -69 25 3 40 40 | 45448 2 1 21 129 58 216 12311 41551 29617
2 -2 -2 -2 2 2 -35 -7 1 -68 25 3 40 40 | 33592 1 1 21 129 58 243 12311 29608
2 -2 -2 -2 2 2 -35 -7 1 -69 23 3 40 40 | 35256 1 1 21 129 58 208 12311 29608
2 -2 -2 -2 2 2 -35 -7 1 -70 23 3 40 40 | 65832 1 1 21 129 58 195 12311 29608
2 -2 -2 -2 2 2 -35 -7 1 -70 24 3 40 40 | 45656 2 1 21 129 58 196 12311 41727 29617
2 -2 -2 -2 2 2 -35 -7 1 -70 22 3 40 40 | 41392 1 1 21 129 58 234 12311 29608
2 -2 -2 -2 2 2 -35 -7 1 -71 22 3 40 40 | 54080 2 1 21 129 58 212 12311 50251 29608
2 -2 -2 -2 2 2 -35 -7 1 -71 23 3 40 40 | 91312 1 2 21 129 58 200 12311 29617 86133
2 -2 -2 -2 2 2 -35 -7 1 -69 22 3 40 40 | 36608 1 1 21 129 58 226 12311 29607
2 -2 -2 -2 2 2 -33 -8 1 -74 39 3 40 40 | 49608 2 1 21 153 82 232 12207 45795 25151
2 -2 -2 -2 2 2 -33 -8 1 -73 39 3 40 40 | 37232 1 1 21 161 82 254 12207 25142
2 -2 -2 -2 2 2 -33 -8 1 -73 41 3 40 40 | 41080 2 1 21 163 82 216 12206 37364 25151
2 -2 -2 -2 2 2 -33 -8 1 -73 40 3 40 40 | 61672 1 1 21 127 82 215 12206 25151
2 -2 -2 -2 2 2 -33 -8 1 -72 42 3 40 40 | 40976 2 1 21 151 82 236 12113 37189 25151
2 -2 -2 -2 2 2 -33 -8 1 -72 38 3 40 40 | 87568 1 2 21 131 82 216 12207 25141 82093
2 -2 -2 -2 2 2 -33 -8 1 -71 36 3 40 40 | 28808 1 1 21 173 82 261 12207 25048
2 -2 -2 -2 2 2 -33 -8 1 -70 37 3 40 40 | 32344 1 1 21 169 82 242 12206 25048
2 -2 -2 -2 2 2 -33 -8 1 -72 41 3 40 40 | 40456 2 1 21 163 82 216 12113 36665 25151
2 -2 -2 -2 2 2 -33 -8 1 -72 40 3 40 40 | 31096 1 1 21 171 82 228 12206 25142
2 -2 -2 -2 2 2 -33 -8 1 -71 40 3 40 40 | 31200 1 1 21 171 82 234 12113 25142
2 -2 -2 -2 2 2 -33 -8 1 -71 42 3 40 40 | 29952 1 1 21 173 82 263 12112 25151
2 -2 -2 -2 2 2 -33 -8 1 -71 41 3 40 40 | 29848 1 1 21 173 82 255 12113 25142
2 -2 -2 -2 2 2 -33 -8 1 -70 41 3 40 40 | 29848 1 1 21 173 82 255 12112 25142
2 -2 -2 -2 2 2 -33 -8 1 -69 41 3 40 40 | 39728 2 1 21 169 82 236 12112 35978 25141
2 -2 -2 -2 2 2 -33 -8 1 -68 41 3 40 40 | 29120 1 1 21 173 82 265 12103 25141
2 -2 -2 -2 2 2 -33 -8 1 -68 40 3 40 40 | 41392 2 1 21 131 82 240 12112 37764 25048
2 -2 -2 -2 2 2 -33 -8 1 -67 40 3 40 40 | 28808 1 1 21 173 82 264 12103 25048
2 -2 -2 -2 2 2 -33 -8 1 -67 41 3 40 40 | 29016 1 1 21 173 82 262 12103 25048
2 -2 -2 -2 2 2 -33 -8 1 -66 41 3 40 40 | 32552 1 1 21 161 82 240 12102 25048
2 -2 -2 -2 2 2 -33 -8 1 -68 42 3 40 40 | 35152 1 1 21 173 82 218 12103 25141
2 -2 -2 -2 2 2 -33 -8 1 -67 42 3 40 40 | 46072 2 1 21 155 82 196 12102 42448 25141
2 -2 -2 -2 2 2 -34 -9 1 -51 23 3 40 40 | 34424 1 1 21 155 44 216 12112 22929
2 -2 -2 -2 2 2 -34 -9 1 -51 22 3 40 40 | 26208 1 1 21 169 44 227 12112 22929
2 -2 -2 -2 2 2 -34 -9 1 -50 25 3 40 40 | 37544 2 1 21 157 44 178 12102 33838 22930
2 -2 -2 -2 2 2 -34 -9 1 -50 24 3 40 40 | 28392 1 1 21 165 44 190 12103 22929
2 -2 -2 -2 2 2 -34 -9 1 -50 23 3 40 40 | 29640 1 1 21 163 44 208 12103 22929
2 -2 -2 -2 2 2 -34 -9 1 -49 24 3 40 40 | 28496 1 1 21 165 44 196 12102 22929
2 -2 -2 -2 2 2 -34 -9 1 -46 25 3 40 40 | 26416 1 1 21 169 44 227 12008 22836
2 -2 -2 -2 2 2 -34 -9 1 -46 24 3 40 40 | 38584 2 1 21 125 44 202 12009 34929 22835
2 -2 -2 -2 2 2 -34 -9 1 -45 24 3 40 40 | 26104 1 1 21 169 44 226 12008 22835
2 -2 -2 -2 2 2 -34 -9 1 -45 25 3 40 40 | 26312 1 1 21 169 44 224 12008 22835
2 -2 -2 -2 2 2 -34 -9 1 -44 25 3 40 40 | 29848 1 1 21 155 44 202 11999 22835
2 -2 -2 -2 2 2 -34 -9 1 -47 25 3 40 40 | 36816 2 1 21 163 44 198 12009 33143 22836
2 -2 -2 -2 2 2 -34 -9 1 -49 25 3 40 40 | 27144 1 1 21 169 44 217 12102 22929
2 -2 -2 -2 2 2 -34 -9 1 -48 25 3 40 40 | 27144 1 1 21 169 44 217 12009 22929
2 -2 -2 -2 2 2 -34 -9 1 -51 24 3 40 40 | 58968 1 1 21 121 44 177 12103 22930
2 -2 -2 -2 2 2 -34 -9 1 -51 25 3 40 40 | 38272 2 1 21 157 44 178 12103 34529 22930
2 -2 -2 -2 2 2 -34 -9 1 -52 23 3 40 40 | 46696 2 1 21 147 44 194 12112 43052 22930
2 -2 -2 -2 2 2 -34 -9 1 -52 24 3 40 40 | 84032 1 2 21 125 44 182 12112 22930 79040
2 -2 -2 -2 2 2 -34 -9 1 -46 26 3 40 40 | 32344 1 1 21 167 44 180 12008 22836
2 -2 -2 -2 2 2 -34 -9 1 -45 26 3 40 40 | 43264 2 1 21 149 44 158 11999 39613 22836
2 -2 -2 -2 2 2 -34 -9 1 -50 26 3 40 40 | 38064 2 1 21 145 44 198 12102 34446 22930
2 -2 -2 -2 2 2 -34 -9 1 -49 26 3 40 40 | 27248 1 1 21 169 44 225 12009 22930
2 -2 -2 2 -2 2 -33 -11 1 13 -57 3 40 40 | 29952 1 1 21 163 48 178 12320 20183
2 -2 -2 2 -2 2 -33 -11 1 16 -54 3 40 40 | 30888 1 1 21 167 48 172 12217 20183
2 -2 -2 2 -2 2 -33 -11 1 15 -55 3 40 40 | 30992 1 1 21 167 48 192 12310 20183
2 -2 -2 2 -2 2 -33 -11 1 17 -53 3 72 40 | 92976 1 2 21 185 48 176 13880 23511 80047
2 -2 -2 2 -2 2 -33 -11 1 17 -52 3 40 40 | 39520 1 1 21 163 48 188 12207 20090
2 -2 -2 2 -2 2 -33 -11 1 16 -51 3 40 40 | 23608 1 1 21 167 48 221 12207 20089
2 -2 -2 2 -2 2 -33 -11 1 16 -53 3 40 40 | 56368 1 1 21 151 48 171 12216 20090
2 -2 -2 2 -2 2 -33 -11 1 16 -52 3 40 40 | 31928 1 1 21 153 48 210 12216 20090
2 -2 -2 2 -2 2 -33 -11 1 15 -52 3 40 40 | 27144 1 1 21 167 48 202 12216 20089
2 -2 -2 2 -2 2 -33 -11 1 15 -54 3 40 40 | 29952 1 1 21 167 48 172 12217 20090
2 -2 -2 2 -2 2 -33 -11 1 15 -53 3 40 40 | 25896 1 1 21 167 48 184 12217 20090
2 -2 -2 2 -2 2 -33 -11 1 14 -53 3 40 40 | 31096 2 1 21 167 48 190 12217 27235 20089
2 -2 -2 2 -2 2 -33 -11 1 12 -54 3 40 40 | 29224 1 1 21 149 48 192 12311 20089
2 -2 -2 2 -2 2 -33 -11 1 14 -55 3 40 40 | 29744 2 1 21 167 48 219 12310 25912 20090
2 -2 -2 2 -2 2 -33 -11 1 14 -54 3 40 40 | 29640 2 1 21 167 48 211 12310 25808 20090
2 -2 -2 2 -2 2 -33 -11 1 13 -54 3 40 40 | 29744 2 1 21 167 48 211 12310 25852 20089
2 -2 -2 2 -2 2 -33 -11 1 13 -56 3 40 40 | 23920 1 1 21 167 48 225 12311 20090
2 -2 -2 2 -2 2 -33 -11 1 13 -55 3 40 40 | 31928 1 1 21 167 48 200 12311 20090
2 -2 -2 2 -2 2 -33 -11 1 12 -55 3 40 40 | 23712 1 1 21 167 48 224 12311 20089
2 -2 -2 2 -2 2 -33 -11 1 12 -57 3 40 40 | 36088 1 1 21 149 48 156 12320 20090
2 -2 -2 2 -2 2 -33 -11 1 12 -56 3 40 40 | 23816 1 1 21 167 48 222 12320 20090
2 -2 -2 2 -2 2 -33 -11 1 11 -56 3 40 40 | 32552 2 1 21 167 48 200 12320 28632 20089
2 -2 -2 2 -2 2 -34 -11 1 17 -54 3 40 40 | 22360 1 1 21 188 48 225 12216 18757
2 -2 -2 2 -2 2 -34 -11 1 16 -55 3 40 40 | 25792 1 1 21 179 48 206 12217 18757
2 -2 -2 2 -2 2 -34 -11 1 18 -56 3 56 40 | 90168 1 2 21 157 48 180 13049 20431 77155
2 -2 -2 2 -2 2 -34 -11 1 18 -55 3 40 40 | 38168 1 1 21 165 48 192 12216 18758
2 -2 -2 2 -2 2 -34 -11 1 17 -55 3 40 40 | 30576 1 1 21 155 48 214 12217 18758
2 -2 -2 2 -2 2 -34 -11 1 17 -57 3 40 40 | 29536 1 1 21 169 48 176 12310 18767
2 -2 -2 2 -2 2 -34 -11 1 17 -56 3 40 40 | 55120 1 1 21 153 48 175 12217 18758
2 -2 -2 2 -2 2 -34 -11 1 16 -56 3 40 40 | 24544 1 1 21 188 48 188 12310 18758
2 -2 -2 2 -2 2 -34 -11 1 15 -58 3 40 40 | 28496 2 1 21 188 48 223 12311 24591 18758
2 -2 -2 2 -2 2 -34 -11 1 16 -58 3 40 40 | 29640 1 1 21 185 48 196 12311 18767
2 -2 -2 2 -2 2 -34 -11 1 16 -57 3 40 40 | 28600 1 1 21 173 48 176 12310 18758
2 -2 -2 2 -2 2 -34 -11 1 14 -57 3 40 40 | 28496 2 1 21 185 48 215 12311 24531 18757
2 -2 -2 2 -2 2 -34 -11 1 15 -57 3 40 40 | 28392 2 1 21 185 48 215 12311 24487 18758
2 -2 -2 2 -2 2 -34 -11 1 15 -56 3 40 40 | 29848 2 1 21 188 48 194 12310 26006 18757
2 -2 -2 2 -2 2 -34 -11 1 13 -57 3 40 40 | 27872 1 1 21 151 48 196 12320 18757
2 -2 -2 2 -2 2 -34 -11 1 12 -56 3 40 40 | 30576 1 1 21 183 48 200 12320 18664
2 -2 -2 2 -2 2 -34 -11 1 11 -58 3 40 40 | 34736 1 1 21 151 48 156 12320 18664
2 -2 -2 2 -2 2 -34 -11 1 12 -58 3 40 40 | 28496 1 1 21 165 48 178 12320 18757
2 -2 -2 2 -2 2 -34 -11 1 12 -57 3 40 40 | 22568 1 1 21 188 48 225 12320 18664
2 -2 -2 2 -2 2 -34 -11 1 10 -57 3 40 40 | 31200 2 1 21 173 48 200 12320 27216 18663
2 -2 -2 2 -2 2 -34 -11 1 11 -57 3 40 40 | 22464 1 1 21 188 48 222 12320 18664
2 -2 -2 2 -2 2 -34 -11 1 11 -56 3 40 40 | 22256 1 1 21 188 48 224 12320 18663
2 -2 -2 2 -2 2 -34 -10 1 19 -59 3 40 40 | 29640 1 1 21 169 48 180 12310 18905
2 -2 -2 2 -2 2 -34 -10 1 19 -58 3 40 40 | 55224 1 1 21 153 48 179 12217 18812
2 -2 -2 2 -2 2 -34 -10 1 18 -58 3 40 40 | 24752 1 1 21 188 48 192 12310 18812
2 -2 -2 2 -2 2 -34 -10 1 17 -60 3 40 40 | 28704 2 1 21 188 48 227 12311 24739 18812
2 -2 -2 2 -2 2 -34 -10 1 18 -60 3 40 40 | 29848 1 1 21 185 48 200 12311 18905
2 -2 -2 2 -2 2 -34 -10 1 18 -59 3 40 40 | 28808 1 1 21 173 48 180 12310 18812
2 -2 -2 2 -2 2 -34 -10 1 16 -59 3 40 40 | 28600 2 1 21 185 48 219 12311 24679 18811
2 -2 -2 2 -2 2 -34 -10 1 17 -59 3 40 40 | 28600 2 1 21 185 48 219 12311 24635 18812
2 -2 -2 2 -2 2 -34 -10 1 17 -58 3 40 40 | 30056 2 1 21 188 48 198 12310 26154 18811
2 -2 -2 2 -2 2 -34 -10 1 15 -59 3 40 40 | 28080 1 1 21 151 48 200 12320 18811
2 -2 -2 2 -2 2 -34 -10 1 14 -58 3 40 40 | 30680 1 1 21 183 48 204 12320 18802
2 -2 -2 2 -2 2 -34 -10 1 13 -60 3 40 40 | 34840 1 1 21 151 48 160 12320 18802
2 -2 -2 2 -2 2 -34 -10 1 14 -60 3 40 40 | 28704 1 1 21 165 48 182 12320 18811
2 -2 -2 2 -2 2 -34 -10 1 14 -59 3 40 40 | 22672 1 1 21 188 48 229 12320 18802
2 -2 -2 2 -2 2 -34 -10 1 12 -59 3 40 40 | 31304 2 1 21 173 48 204 12320 27364 18801
2 -2 -2 2 -2 2 -34 -10 1 13 -59 3 40 40 | 22568 1 1 21 188 48 226 12320 18802
2 -2 -2 2 -2 2 -34 -10 1 13 -58 3 40 40 | 22360 1 1 21 188 48 228 12320 18801
2 -2 -2 2 -2 2 -34 -10 1 17 -54 3 40 40 | 22360 1 1 21 188 48 225 12216 18801
2 -2 -2 2 -2 2 -34 -10 1 16 -55 3 40 40 | 25896 1 1 21 179 48 206 12217 18801
2 -2 -2 2 -2 2 -34 -10 1 18 -56 3 56 40 | 90168 1 2 21 157 48 180 13049 20475 77199
2 -2 -2 2 -2 2 -34 -10 1 18 -55 3 40 40 | 38168 1 1 21 165 48 192 12216 18802
2 -2 -2 2 -2 2 -34 -10 1 17 -55 3 40 40 | 30680 1 1 21 155 48 214 12217 18802
2 -2 -2 -2 2 2 -34 -12 1 -36 35 3 40 40 | 27040 1 1 21 149 50 227 11790 23522
2 -2 -2 -2 2 2 -34 -12 1 -34 35 3 40 40 | 30992 1 1 21 135 50 202 11697 23521
2 -2 -2 -2 2 2 -34 -12 1 -35 35 3 40 40 | 26936 1 1 21 149 50 224 11790 23522
2 -2 -2 -2 2 2 -34 -12 1 -35 34 3 40 40 | 26832 1 1 21 149 50 226 11790 23521
2 -2 -2 -2 2 2 -34 -12 1 -39 30 3 40 40 | 26728 1 1 21 149 50 223 11894 23521
2 -2 -2 -2 2 2 -34 -12 1 -38 31 3 40 40 | 30264 1 1 21 143 50 204 11801 23521
2 -2 -2 -2 2 2 -34 -12 1 -40 32 3 40 40 | 84552 1 2 21 105 50 178 11894 23531 79631
2 -2 -2 -2 2 2 -34 -12 1 -40 31 3 40 40 | 46800 2 1 21 127 50 190 11894 43342 23522
2 -2 -2 -2 2 2 -34 -12 1 -39 31 3 40 40 | 35048 1 1 21 135 50 212 11894 23522
2 -2 -2 -2 2 2 -34 -12 1 -39 33 3 40 40 | 38376 2 1 21 137 50 174 11801 34903 23531
2 -2 -2 -2 2 2 -34 -12 1 -39 32 3 44 40 | 59904 1 1 21 117 50 173 12009 23938
2 -2 -2 -2 2 2 -34 -12 1 -38 32 3 40 40 | 29016 1 1 21 145 50 186 11801 23522
2 -2 -2 -2 2 2 -34 -12 1 -37 34 3 40 40 | 28184 1 1 21 149 50 221 11791 23522
2 -2 -2 -2 2 2 -34 -12 1 -38 34 3 40 40 | 38168 2 1 21 125 50 194 11800 34736 23531
2 -2 -2 -2 2 2 -34 -12 1 -38 33 3 40 40 | 37544 2 1 21 137 50 174 11800 34212 23522
2 -2 -2 -2 2 2 -34 -12 1 -36 33 3 40 40 | 28184 1 1 21 149 50 213 11791 23521
2 -2 -2 -2 2 2 -34 -12 1 -37 33 3 40 40 | 28080 1 1 21 149 50 213 11800 23522
2 -2 -2 -2 2 2 -34 -12 1 -37 32 3 40 40 | 29536 1 1 21 145 50 192 11800 23521
2 -2 -2 -2 2 2 -34 -12 1 -35 33 3 40 40 | 36920 2 1 21 143 50 194 11791 33517 23521
2 -2 -2 -2 2 2 -34 -12 1 -34 32 3 44 40 | 39520 2 1 21 121 50 198 11999 35843 23844
2 -2 -2 -2 2 2 -34 -12 1 -33 34 3 40 40 | 43368 2 1 21 129 50 154 11697 39987 23428
2 -2 -2 -2 2 2 -34 -12 1 -34 34 3 40 40 | 32968 1 1 21 147 50 176 11790 23521
2 -2 -2 -2 2 2 -35 -12 1 -65 23 3 40 40 | 40872 2 1 21 145 62 220 12311 36877 24347
2 -2 -2 -2 2 2 -35 -12 1 -64 25 3 40 40 | 45448 2 1 21 169 62 176 12217 41645 24348
2 -2 -2 -2 2 2 -35 -12 1 -65 25 3 40 40 | 34112 1 1 21 169 62 198 12310 24348
2 -2 -2 -2 2 2 -35 -12 1 -65 24 3 40 40 | 28080 1 1 21 169 62 245 12310 24348
2 -2 -2 -2 2 2 -35 -12 1 -63 24 3 40 40 | 31408 1 1 21 169 62 220 12217 24347
2 -2 -2 -2 2 2 -35 -12 1 -64 24 3 40 40 | 27976 1 1 21 169 62 242 12310 24347
2 -2 -2 -2 2 2 -35 -12 1 -64 23 3 40 40 | 27872 1 1 21 169 62 244 12310 24347
2 -2 -2 -2 2 2 -35 -12 1 -68 19 3 40 40 | 27768 1 1 21 169 62 241 12321 24347
2 -2 -2 -2 2 2 -35 -12 1 -67 20 3 40 40 | 31304 1 1 21 169 62 222 12321 24347
2 -2 -2 -2 2 2 -35 -12 1 -69 21 3 40 40 | 86008 1 2 21 145 62 196 12321 24348 80874
2 -2 -2 -2 2 2 -35 -12 1 -69 20 3 40 40 | 48880 2 1 21 167 62 208 12321 44897 24348
2 -2 -2 -2 2 2 -35 -12 1 -68 20 3 40 40 | 36088 1 1 21 169 62 230 12321 24347
2 -2 -2 -2 2 2 -35 -12 1 -68 22 3 40 40 | 40456 2 1 21 169 62 192 12321 36457 24348
2 -2 -2 -2 2 2 -35 -12 1 -68 21 3 40 40 | 60528 1 1 21 141 62 191 12321 24348
2 -2 -2 -2 2 2 -35 -12 1 -67 21 3 40 40 | 30056 1 1 21 169 62 204 12321 24347
2 -2 -2 -2 2 2 -35 -12 1 -66 23 3 40 40 | 28600 1 1 21 169 62 239 12311 24348
2 -2 -2 -2 2 2 -35 -12 1 -67 23 3 40 40 | 40248 2 1 21 165 62 212 12320 36290 24348
2 -2 -2 -2 2 2 -35 -12 1 -67 22 3 40 40 | 39624 2 1 21 169 62 192 12320 35766 24348
2 -2 -2 -2 2 2 -35 -12 1 -65 22 3 40 40 | 28600 1 1 21 169 62 231 12311 24347
2 -2 -2 -2 2 2 -35 -12 1 -66 22 3 40 40 | 28496 1 1 21 169 62 231 12320 24347
2 -2 -2 -2 2 2 -35 -12 1 -66 21 3 40 40 | 29952 1 1 21 169 62 210 12320 24347
2 -2 -2 -2 2 2 -35 -12 1 -64 22 3 40 40 | 38896 2 1 21 169 62 212 12311 35071 24254
2 -2 -2 2 -2 2 -35 -11 1 15 -56 3 40 40 | 22464 1 1 21 196 48 225 12310 18861
2 -2 -2 2 -2 2 -35 -11 1 14 -57 3 40 40 | 25896 1 1 21 183 48 206 12311 18861
2 -2 -2 2 -2 2 -35 -11 1 16 -58 3 52 40 | 89856 1 2 21 145 48 180 12935 20119 76843
2 -2 -2 2 -2 2 -35 -11 1 16 -57 3 40 40 | 38272 1 1 21 169 48 192 12310 18862
2 -2 -2 2 -2 2 -35 -11 1 15 -57 3 40 40 | 30680 1 1 21 159 48 214 12311 18862
2 -2 -2 2 -2 2 -35 -11 1 15 -59 3 40 40 | 29640 1 1 21 173 48 176 12320 18871
2 -2 -2 2 -2 2 -35 -11 1 15 -58 3 40 40 | 55224 1 1 21 157 48 175 12311 18862
2 -2 -2 2 -2 2 -35 -11 1 14 -58 3 40 40 | 24648 1 1 21 193 48 188 12320 18862
2 -2 -2 2 -2 2 -35 -11 1 13 -60 3 40 40 | 28704 2 1 21 193 48 223 12321 24789 18862
2 -2 -2 2 -2 2 -35 -11 1 14 -60 3 40 40 | 29744 1 1 21 189 48 196 12321 18871
2 -2 -2 2 -2 2 -35 -11 1 14 -59 3 40 40 | 28704 1 1 21 177 48 176 12320 18862
2 -2 -2 2 -2 2 -35 -11 1 12 -59 3 40 40 | 28704 2 1 21 189 48 215 12321 24729 18861
2 -2 -2 2 -2 2 -35 -11 1 13 -59 3 40 40 | 28600 2 1 21 189 48 215 12321 24685 18862
2 -2 -2 2 -2 2 -35 -11 1 13 -58 3 40 40 | 30056 2 1 21 193 48 194 12320 26120 18861
2 -2 -2 2 -2 2 -35 -11 1 11 -59 3 40 40 | 27976 1 1 21 155 48 196 12321 18861
2 -2 -2 2 -2 2 -35 -11 1 10 -58 3 40 40 | 30680 1 1 21 187 48 200 12321 18768
2 -2 -2 2 -2 2 -35 -11 1 9 -60 3 40 40 | 34840 1 1 21 155 48 156 12321 18768
2 -2 -2 2 -2 2 -35 -11 1 10 -60 3 40 40 | 28600 1 1 21 169 48 178 12321 18861
2 -2 -2 2 -2 2 -35 -11 1 10 -59 3 40 40 | 22672 1 1 21 193 48 225 12321 18768
2 -2 -2 2 -2 2 -35 -11 1 8 -59 3 40 40 | 31408 2 1 21 177 48 200 12321 27415 18767
2 -2 -2 2 -2 2 -35 -11 1 9 -59 3 40 40 | 22568 1 1 21 193 48 222 12321 18768
2 -2 -2 2 -2 2 -35 -11 1 9 -58 3 40 40 | 22360 1 1 21 196 48 224 12321 18767
2 -2 -2 -2 -2 2 -33 -12 1 -54 -22 3 40 40 | 22672 1 1 21 161 213 390 12320 19664
2 -2 -2 -2 -2 2 -33 -12 1 -55 -21 3 40 40 | 26208 1 1 21 161 213 371 12320 19664
2 -2 -2 -2 -2 2 -33 -12 1 -55 -23 3 40 40 | 38584 1 1 21 161 213 357 12320 19665
2 -2 -2 -2 -2 2 -33 -12 1 -55 -22 3 40 40 | 30992 1 1 21 161 213 379 12320 19665
2 -2 -2 -2 -2 2 -33 -12 1 -56 -22 3 40 40 | 55432 1 1 21 161 213 340 12320 19665
2 -2 -2 -2 -2 2 -33 -12 1 -56 -21 3 40 40 | 24960 1 1 21 161 213 353 12320 19665
2 -2 -2 -2 -2 2 -33 -12 1 -57 -21 3 40 40 | 29016 1 1 21 161 213 341 12320 19665
2 -2 -2 -2 -2 2 -33 -12 1 -57 -20 3 40 40 | 24856 1 1 21 161 213 380 12320 19665
2 -2 -2 -2 -2 2 -33 -12 1 -56 -20 3 40 40 | 26312 1 1 21 161 213 359 12320 19664
2 -2 -2 -2 -2 2 -33 -12 1 -56 -23 3 40 40 | 90584 2 2 21 161 213 345 12320 80558 19674 75358
2 -2 -2 -2 -2 2 -33 -12 1 -57 -22 3 40 40 | 29952 1 1 21 161 213 341 12320 19674
2 -2 -2 -2 -2 2 -33 -12 1 -58 -21 3 40 40 | 30056 1 1 21 161 213 361 12320 19674
2 -2 -2 -2 -2 2 -33 -12 1 -59 -17 3 40 40 | 27664 1 1 21 161 213 369 12320 19664
2 -2 -2 -2 -2 2 -33 -12 1 -58 -18 3 40 40 | 22776 1 1 21 161 213 393 12320 19664
2 -2 -2 -2 -2 2 -33 -12 1 -59 -18 3 40 40 | 22880 1 1 21 161 213 391 12320 19665
2 -2 -2 -2 -2 2 -33 -12 1 -57 -18 3 40 40 | 28288 1 1 21 161 213 361 12320 19664
2 -2 -2 -2 -2 2 -33 -12 1 -57 -19 3 40 40 | 24960 1 1 21 161 213 380 12320 19664
2 -2 -2 -2 -2 2 -33 -12 1 -58 -19 3 40 40 | 31096 1 1 21 161 213 369 12320 19665
2 -2 -2 -2 -2 2 -33 -12 1 -60 -18 3 40 40 | 35152 1 1 21 161 213 325 12320 19665
2 -2 -2 -2 -2 2 -33 -12 1 -60 -19 3 40 40 | 29016 1 1 21 161 213 347 12320 19674
2 -2 -2 -2 -2 2 -33 -12 1 -59 -19 3 40 40 | 22984 1 1 21 161 213 394 12320 19665
2 -2 -2 -2 -2 2 -33 -12 1 -58 -20 3 40 40 | 24960 1 1 21 161 213 388 12320 19665
2 -2 -2 -2 -2 2 -33 -13 1 -92 -22 3 40 40 | 53456 1 1 21 148 245 428 12321 49874
2 -2 -2 -2 -2 2 -33 -13 1 -93 -23 3 40 40 | 69264 1 1 21 148 245 395 12321 49875
2 -2 -2 -2 -2 2 -33 -13 1 -94 -23 3 40 40 | 144040 1 2 21 127 275 383 12321 49875 106505
2 -2 -2 -2 -2 2 -33 -13 1 -95 -22 3 40 40 | 60632 1 1 21 148 245 379 12321 49875
2 -2 -2 -2 -2 2 -33 -13 1 -96 -21 3 40 40 | 60736 1 1 21 148 245 399 12321 49875
2 -2 -2 -2 -2 2 -33 -13 1 -94 -22 3 40 40 | 86216 1 1 21 148 245 378 12321 49875
2 -2 -2 -2 -2 2 -33 -13 1 -93 -22 3 40 40 | 61672 1 1 21 148 245 417 12321 49874
2 -2 -2 -2 -2 2 -33 -13 1 -93 -21 3 40 40 | 56888 1 1 21 148 245 409 12321 49874
2 -2 -2 -2 -2 2 -33 -13 1 -95 -21 3 40 40 | 59800 1 1 21 148 245 379 12321 49875
2 -2 -2 -2 -2 2 -33 -13 1 -94 -21 3 40 40 | 55640 1 1 21 148 245 391 12321 49874
2 -2 -2 -2 -2 2 -33 -13 1 -94 -20 3 40 40 | 57928 1 1 21 148 245 397 12321 49874
2 -2 -2 -2 -2 2 -33 -13 1 -96 -20 3 40 40 | 56680 1 1 21 148 245 426 12321 49875
2 -2 -2 -2 -2 2 -33 -13 1 -95 -20 3 40 40 | 56576 1 1 21 148 245 418 12321 49874
2 -2 -2 -2 -2 2 -33 -13 1 -95 -16 3 40 40 | 53560 1 1 21 148 245 425 12321 49864
2 -2 -2 -2 -2 2 -33 -13 1 -94 -16 3 40 40 | 53352 1 1 21 148 245 427 12321 49864
2 -2 -2 -2 -2 2 -33 -13 1 -94 -17 3 40 40 | 61672 1 1 21 148 245 403 12321 49864
2 -2 -2 -2 -2 2 -33 -13 1 -95 -17 3 40 40 | 53664 1 1 21 148 245 428 12321 49865
2 -2 -2 -2 -2 2 -33 -13 1 -95 -19 3 40 40 | 56576 1 1 21 148 245 418 12321 49874
2 -2 -2 -2 -2 2 -33 -13 1 -95 -18 3 40 40 | 59072 1 1 21 148 245 399 12321 49865
2 -2 -2 -2 -2 2 -33 -13 1 -96 -17 3 40 40 | 59592 1 1 21 148 245 381 12321 49865
2 -2 -2 -2 -2 2 -33 -13 1 -95 -15 3 40 40 | 59280 1 1 21 148 245 403 12321 49864
2 -2 -2 -2 -2 2 -33 -13 1 -96 -16 3 40 40 | 65832 1 1 21 148 245 359 12321 49865
2 -2 -2 -2 2 2 -34 -13 1 -60 26 3 40 40 | 40144 2 1 21 149 50 188 12207 36331 24429
2 -2 -2 -2 2 2 -34 -13 1 -60 25 3 40 40 | 60632 1 1 21 129 50 187 12207 24429
2 -2 -2 -2 2 2 -34 -13 1 -59 25 3 40 40 | 30160 1 1 21 149 50 200 12207 24420
2 -2 -2 -2 2 2 -34 -13 1 -58 27 3 40 40 | 28496 1 1 21 149 50 235 12113 24429
2 -2 -2 -2 2 2 -34 -13 1 -59 27 3 40 40 | 40040 2 1 21 149 50 208 12206 36248 24429
2 -2 -2 -2 2 2 -34 -13 1 -59 26 3 40 40 | 39416 2 1 21 149 50 188 12206 35640 24429
2 -2 -2 -2 2 2 -34 -13 1 -57 26 3 40 40 | 28392 1 1 21 149 50 227 12113 24420
2 -2 -2 -2 2 2 -34 -13 1 -58 26 3 40 40 | 28392 1 1 21 149 50 227 12206 24420
2 -2 -2 -2 2 2 -34 -13 1 -58 25 3 40 40 | 29848 1 1 21 149 50 206 12206 24420
2 -2 -2 -2 2 2 -34 -13 1 -56 26 3 40 40 | 38688 2 1 21 149 50 208 12113 34945 24419
2 -2 -2 -2 2 2 -34 -13 1 -55 25 3 40 40 | 40456 2 1 21 133 50 212 12113 36731 24326
2 -2 -2 -2 2 2 -34 -13 1 -54 27 3 40 40 | 45136 2 1 21 149 50 168 12103 41415 24419
2 -2 -2 -2 2 2 -34 -13 1 -55 27 3 40 40 | 34112 1 1 21 149 50 190 12112 24419
2 -2 -2 -2 2 2 -34 -13 1 -55 26 3 40 40 | 28080 1 1 21 149 50 237 12112 24419
2 -2 -2 -2 2 2 -34 -13 1 -53 26 3 40 40 | 31408 1 1 21 149 50 212 12103 24326
2 -2 -2 -2 2 2 -34 -13 1 -54 26 3 40 40 | 27976 1 1 21 149 50 234 12112 24326
2 -2 -2 -2 2 2 -34 -13 1 -54 25 3 40 40 | 27768 1 1 21 149 50 236 12112 24326
2 -2 -2 -2 2 2 -34 -13 1 -58 21 3 40 40 | 27768 1 1 21 149 50 233 12216 24326
2 -2 -2 -2 2 2 -34 -13 1 -57 22 3 40 40 | 31304 1 1 21 149 50 214 12207 24326
2 -2 -2 -2 2 2 -34 -13 1 -59 23 3 40 40 | 85800 1 2 21 133 50 188 12216 24419 80747
2 -2 -2 -2 2 2 -34 -13 1 -59 22 3 40 40 | 48568 2 1 21 149 50 200 12216 44750 24419
2 -2 -2 -2 2 2 -34 -13 1 -58 22 3 40 40 | 36088 1 1 21 149 50 222 12216 24326
2 -2 -2 -2 -2 2 -32 -13 1 -72 -35 3 40 40 | 35984 1 1 21 187 241 369 12320 25414
2 -2 -2 -2 -2 2 -32 -13 1 -71 -36 3 40 40 | 108784 2 2 31 187 241 373 12320 87348 25414 81742
2 -2 -2 -2 -2 2 -32 -13 1 -70 -35 3 40 40 | 37024 1 1 21 187 241 407 12320 25321
2 -2 -2 -2 -2 2 -32 -13 1 -70 -36 3 40 40 | 44616 1 1 21 187 241 385 12320 25321
2 -2 -2 -2 -2 2 -32 -13 1 -71 -35 3 40 40 | 61568 1 1 21 187 241 368 12320 25321
2 -2 -2 -2 -2 2 -32 -13 1 -71 -34 3 40 40 | 30992 1 1 21 187 241 381 12320 25321
2 -2 -2 -2 -2 2 -32 -13 1 -69 -35 3 40 40 | 28808 1 1 21 187 241 418 12320 25320
2 -2 -2 -2 -2 2 -32 -13 1 -70 -34 3 40 40 | 32240 1 1 21 187 241 399 12320 25320
2 -2 -2 -2 -2 2 -32 -13 1 -72 -28 3 40 40 | 33696 1 1 21 187 241 393 12320 25310
2 -2 -2 -2 -2 2 -32 -13 1 -73 -29 3 40 40 | 41184 1 1 21 187 241 349 12320 25311
2 -2 -2 -2 -2 2 -32 -13 1 -71 -29 3 40 40 | 28704 1 1 21 187 241 417 12320 25310
2 -2 -2 -2 -2 2 -32 -13 1 -72 -29 3 40 40 | 28912 1 1 21 187 241 415 12320 25311
2 -2 -2 -2 -2 2 -32 -13 1 -71 -30 3 40 40 | 37024 1 1 21 187 241 393 12320 25311
2 -2 -2 -2 -2 2 -32 -13 1 -72 -30 3 40 40 | 29016 1 1 21 187 241 418 12320 25311
2 -2 -2 -2 -2 2 -32 -13 1 -73 -30 3 40 40 | 34944 1 1 21 187 241 371 12320 25320
2 -2 -2 -2 -2 2 -32 -13 1 -72 -31 3 40 40 | 34320 1 1 21 187 241 389 12320 25320
2 -2 -2 -2 -2 2 -32 -13 1 -72 -32 3 40 40 | 30992 1 1 21 187 241 408 12320 25320
2 -2 -2 -2 -2 2 -32 -13 1 -71 -33 3 40 40 | 32344 1 1 21 187 241 387 12320 25320
2 -2 -2 -2 -2 2 -32 -13 1 -72 -33 3 40 40 | 30992 1 1 21 187 241 408 12320 25321
2 -2 -2 -2 -2 2 -32 -13 1 -73 -34 3 40 40 | 36088 1 1 21 187 241 389 12320 25414
2 -2 -2 -2 -2 2 -32 -13 1 -73 -33 3 40 40 | 31096 1 1 21 187 241 416 12320 25321
2 -2 -2 -2 -2 2 -32 -13 1 -72 -34 3 40 40 | 35048 1 1 21 187 241 369 12320 25321
2 -2 -2 -2 2 2 -32 -14 1 -58 27 3 40 40 | 40456 1 1 21 165 60 218 12113 32859
2 -2 -2 -2 2 2 -32 -14 1 -59 27 3 40 40 | 36608 1 1 21 165 60 240 12206 32860
2 -2 -2 -2 2 2 -32 -14 1 -59 28 3 40 40 | 53872 2 1 21 161 60 174 12113 50147 32860
2 -2 -2 -2 2 2 -32 -14 1 -64 27 3 40 40 | 48152 2 1 21 165 60 194 12216 44372 32954
2 -2 -2 -2 2 2 -32 -14 1 -63 27 3 40 40 | 37752 1 1 21 165 60 233 12216 32954
2 -2 -2 -2 2 2 -32 -14 1 -63 26 3 40 40 | 39208 1 1 21 165 60 212 12216 32953
2 -2 -2 -2 2 2 -32 -14 1 -64 23 3 40 40 | 57304 2 1 21 159 60 206 12310 53398 32860
2 -2 -2 -2 2 2 -32 -14 1 -63 23 3 40 40 | 44720 1 1 21 165 60 228 12310 32860
2 -2 -2 -2 2 2 -32 -14 1 -63 22 3 40 40 | 36400 1 1 21 165 60 239 12310 32859
2 -2 -2 -2 2 2 -32 -14 1 -63 24 3 40 40 | 69160 1 1 21 133 60 189 12217 32860
2 -2 -2 -2 2 2 -32 -14 1 -62 24 3 40 40 | 38688 1 1 21 165 60 202 12217 32860
2 -2 -2 -2 2 2 -32 -14 1 -62 23 3 40 40 | 39936 1 1 21 165 60 220 12217 32859
2 -2 -2 -2 2 2 -32 -14 1 -64 24 3 40 40 | 94536 1 2 21 137 60 194 12310 32953 89489
2 -2 -2 -2 2 2 -32 -14 1 -63 28 3 40 40 | 37856 1 1 21 165 60 241 12207 32954
2 -2 -2 -2 2 2 -32 -14 1 -62 27 3 40 40 | 37856 1 1 21 165 60 233 12207 32953
2 -2 -2 -2 2 2 -32 -14 1 -64 28 3 40 40 | 48776 2 1 21 157 60 214 12216 44896 32963
2 -2 -2 -2 2 2 -32 -14 1 -63 25 3 40 40 | 48776 2 1 21 165 60 190 12217 44959 32953
2 -2 -2 -2 2 2 -32 -14 1 -61 27 3 40 40 | 47424 2 1 21 165 60 214 12207 43677 32953
2 -2 -2 -2 2 2 -32 -14 1 -59 26 3 40 40 | 36400 1 1 21 165 60 242 12206 32859
2 -2 -2 -2 2 2 -32 -14 1 -60 27 3 40 40 | 36712 1 1 21 165 60 243 12206 32860
2 -2 -2 -2 2 2 -32 -14 1 -60 28 3 40 40 | 42744 1 1 21 165 60 196 12206 32953
2 -2 -2 -2 2 2 -32 -14 1 -60 26 3 40 40 | 49192 2 1 21 137 60 218 12207 45379 32860
2 -2 -2 -2 -2 2 -33 -14 3 12 -39 1 18 34 | 80808 2 2 21 83 151 201 10959 78295 14287 68941
2 -2 -2 -2 -2 2 -33 -14 3 7 -35 1 26 34 | 88088 1 2 21 91 173 233 11384 15119 69773
2 -2 -2 -2 -2 2 -33 -14 3 11 -39 1 18 34 | 82888 2 2 25 91 104 201 10968 72400 14287 68941
2 -2 -2 -2 -2 2 -33 -14 3 9 -34 1 26 34 | 83928 2 2 21 93 147 233 11374 81014 15118 69782
2 -2 -2 -2 -2 2 -33 -14 3 8 -34 1 18 34 | 82784 2 2 25 95 104 201 10959 72301 14286 68950
2 -2 -2 -2 -2 2 -33 -14 3 8 -35 1 42 34 | 125944 1 2 21 119 249 297 12207 16783 71437
2 -2 -2 -2 -2 2 -33 -14 3 8 -36 1 26 38 | 109200 2 2 21 93 190 249 11384 106192 15327 70397
2 -2 -2 -2 -2 2 -33 -14 3 9 -37 1 18 38 | 78624 1 2 21 87 157 217 10968 14495 69565
2 -2 -2 -2 -2 2 -33 -14 3 10 -38 1 26 34 | 83720 1 2 21 93 167 233 11384 15119 69773
2 -2 -2 -2 -2 2 -33 -14 3 10 -37 1 18 34 | 78832 1 2 21 71 137 201 10959 14287 68941
2 -2 -2 -2 -2 2 -33 -14 3 11 -36 1 22 34 | 83304 1 2 21 77 151 217 11166 14702 69366
2 -2 -2 -2 -2 2 -33 -14 3 9 -35 1 50 34 | 131456 2 2 87 203 251 329 12623 80273 17614 72278
2 -2 -2 -2 -2 2 -33 -14 3 9 -36 1 18 38 | 79456 1 2 21 93 157 217 10959 14495 69565
2 -2 -2 -2 -2 2 -33 -14 3 10 -36 1 38 34 | 86424 1 2 21 109 215 281 11999 16366 71030
2 -2 -2 -2 -2 2 -33 -14 3 10 -35 1 18 34 | 76960 2 2 21 89 141 201 10958 74432 14286 68950
2 -2 -2 -2 -2 2 -33 -14 3 12 -40 1 18 46 | 86424 1 2 21 79 173 249 10968 14911 70813
2 -2 -2 -2 -2 2 -33 -14 3 13 -38 1 18 34 | 82888 2 2 25 91 103 201 10958 72398 14286 68950
2 -2 -2 -2 -2 2 -33 -14 3 11 -37 1 22 34 | 83304 1 2 21 77 151 217 11167 14702 69366
2 -2 -2 -2 -2 2 -33 -14 3 11 -38 1 18 34 | 77168 1 2 21 79 133 201 10959 14287 68941
2 -2 -2 -2 -2 2 -33 -14 3 12 -38 1 18 34 | 82784 2 2 25 95 101 201 10959 72289 14286 68950
2 -2 -2 -2 -2 2 -33 -14 3 12 -37 1 18 34 | 79872 1 2 21 71 125 201 10958 14286 68950
2 -2 -2 -2 -2 2 -33 -14 3 13 -39 1 46 34 | 88608 1 2 21 125 237 313 12415 17198 71862
2 -2 -2 -2 2 2 -33 -14 1 -50 57 2 40 40 | 85280 2 1 25 153 82 261 12321 68327 81495
2 -2 -2 -2 2 2 -33 -14 1 -45 62 2 40 40 | 95680 3 1 25 153 82 240 12321 68327 90673 81495
2 -2 -2 -2 2 2 -33 -14 1 -47 61 2 40 40 | 93600 2 1 25 153 82 240 12321 68327 81495
2 -2 -2 -2 2 2 -33 -14 1 -46 61 2 40 40 | 85280 2 1 25 153 82 264 12321 68327 81495
2 -2 -2 -2 2 2 -33 -14 1 -46 62 2 40 40 | 85488 2 1 25 153 82 262 12321 68327 81495
2 -2 -2 -2 2 2 -33 -14 1 -51 62 2 40 40 | 91728 2 1 25 153 82 216 12321 68327 81506
2 -2 -2 -2 2 2 -33 -14 1 -51 61 2 40 40 | 87568 2 1 25 153 82 228 12321 68327 81505
2 -2 -2 -2 2 2 -33 -14 1 -50 61 2 40 40 | 94432 3 1 25 153 82 234 12321 68327 89369 81505
2 -2 -2 -2 2 2 -33 -14 1 -51 60 2 40 40 | 88920 2 1 25 153 82 246 12321 68327 81505
2 -2 -2 -2 2 2 -33 -14 1 -46 63 2 40 40 | 97760 2 1 39 153 82 196 12321 68327 81496
2 -2 -2 -2 2 2 -33 -14 1 -48 62 2 40 40 | 91000 2 1 39 153 82 236 12321 68327 81496
2 -2 -2 -2 2 2 -33 -14 1 -47 62 2 40 40 | 85592 2 1 25 153 82 265 12321 68327 81496
2 -2 -2 -2 2 2 -33 -14 1 -47 63 2 40 40 | 91624 2 1 25 153 82 218 12321 68327 81496
2 -2 -2 -2 2 2 -33 -14 1 -50 62 2 40 40 | 92976 3 1 25 153 82 255 12321 68327 87943 81505
2 -2 -2 -2 2 2 -33 -14 1 -49 62 2 40 40 | 92976 3 1 25 153 82 255 12321 68327 87987 81505
2 -2 -2 -2 2 2 -33 -14 1 -51 63 2 40 40 | 92664 2 1 25 153 82 236 12321 68327 81506
2 -2 -2 -2 2 2 -33 -14 1 -50 63 2 40 40 | 93080 3 1 25 153 82 263 12321 68327 88047 81506
2 -2 -2 -2 2 2 -33 -14 1 -52 61 2 40 40 | 118144 2 1 37 153 82 215 12321 68327 81506
2 -2 -2 -2 2 2 -33 -14 1 -52 62 2 40 40 | 92560 2 1 25 153 82 216 12321 68327 81506
2 -2 -2 -2 2 2 -33 -14 1 -53 61 2 48 40 | 166920 2 2 93 185 82 220 12737 69575 83170 140424
2 -2 -2 -2 2 2 -33 -14 1 -52 60 2 40 40 | 93704 2 1 35 153 82 254 12321 68327 81505
2 -2 -2 -2 2 2 -33 -14 1 -53 60 2 40 40 | 101192 2 1 25 153 82 232 12321 68327 81506
2 -2 -2 -2 -2 2 -32 -12 1 -61 -30 3 40 40 | 30160 1 1 21 179 227 359 12320 20637
2 -2 -2 -2 -2 2 -32 -12 1 -57 -35 3 40 40 | 24024 1 1 21 179 227 406 12320 20730
2 -2 -2 -2 -2 2 -32 -12 1 -59 -36 3 40 40 | 101712 2 2 37 179 227 361 12320 82248 20731 76841
2 -2 -2 -2 -2 2 -32 -12 1 -60 -29 3 40 40 | 24024 1 1 21 179 227 403 12320 20636
2 -2 -2 -2 -2 2 -32 -12 1 -61 -29 3 40 40 | 36400 1 1 21 179 227 337 12320 20637
2 -2 -2 -2 -2 2 -32 -12 1 -60 -30 3 40 40 | 24232 1 1 21 179 227 406 12320 20637
2 -2 -2 -2 -2 2 -32 -12 1 -60 -31 3 40 40 | 29536 1 1 21 179 227 377 12320 20637
2 -2 -2 -2 -2 2 -32 -12 1 -60 -32 3 40 40 | 25896 1 1 21 179 227 396 12320 20730
2 -2 -2 -2 -2 2 -32 -12 1 -59 -33 3 40 40 | 27248 1 1 21 179 227 375 12320 20730
2 -2 -2 -2 -2 2 -32 -12 1 -59 -34 3 40 40 | 26208 1 1 21 179 227 369 12320 20730
2 -2 -2 -2 -2 2 -32 -12 1 -60 -33 3 40 40 | 25896 1 1 21 179 227 396 12320 20730
2 -2 -2 -2 -2 2 -32 -12 1 -61 -33 3 40 40 | 26000 1 1 21 179 227 404 12320 20731
2 -2 -2 -2 -2 2 -32 -12 1 -60 -34 3 40 40 | 30264 1 1 21 179 227 357 12320 20731
2 -2 -2 -2 -2 2 -32 -12 1 -60 -35 3 40 40 | 31200 1 1 21 179 227 357 12320 20731
2 -2 -2 -2 -2 2 -32 -12 1 -61 -34 3 40 40 | 31304 1 1 21 179 227 377 12320 20731
2 -2 -2 -2 -2 2 -32 -12 1 -60 -28 3 40 40 | 28600 1 1 21 179 227 381 12320 20636
2 -2 -2 -2 -2 2 -32 -12 1 -59 -35 3 40 40 | 56680 1 1 21 179 227 356 12320 20731
2 -2 -2 -2 -2 2 -32 -12 1 -58 -34 3 40 40 | 27456 1 1 21 179 227 387 12320 20730
2 -2 -2 -2 -2 2 -32 -12 1 -59 -29 3 40 40 | 23920 1 1 21 179 227 405 12320 20636
2 -2 -2 -2 -2 2 -32 -12 1 -58 -36 3 40 40 | 39832 1 1 21 179 227 373 12320 20731
2 -2 -2 -2 -2 2 -32 -12 1 -58 -35 3 40 40 | 32240 1 1 21 179 227 395 12320 20730
2 -2 -2 -2 -2 2 -32 -12 1 -59 -30 3 40 40 | 32240 1 1 21 179 227 381 12320 20636
2 -2 -2 -2 -2 2 -31 -13 1 -50 -30 3 40 40 | 24232 1 1 21 198 207 375 12320 17552
2 -2 -2 -2 -2 2 -31 -13 1 -51 -32 3 40 40 | 90480 2 2 25 198 207 349 12320 78644 17553 73351
2 -2 -2 -2 -2 2 -31 -13 1 -50 -32 3 40 40 | 36504 1 1 21 198 207 361 12320 17553
2 -2 -2 -2 -2 2 -31 -13 1 -50 -31 3 40 40 | 29016 1 1 21 198 207 383 12320 17552
2 -2 -2 -2 -2 2 -31 -13 1 -52 -31 3 40 40 | 27872 1 1 21 198 207 345 12320 17553
2 -2 -2 -2 -2 2 -31 -13 1 -51 -31 3 40 40 | 53456 1 1 21 198 207 344 12320 17553
2 -2 -2 -2 -2 2 -31 -13 1 -51 -30 3 40 40 | 22880 1 1 21 198 207 357 12320 17552
2 -2 -2 -2 -2 2 -31 -13 1 -53 -29 3 40 40 | 22568 1 1 21 198 207 392 12320 17553
2 -2 -2 -2 -2 2 -31 -13 1 -53 -30 3 40 40 | 27976 1 1 21 198 207 365 12320 17553
2 -2 -2 -2 -2 2 -31 -13 1 -52 -30 3 40 40 | 27040 1 1 21 198 207 345 12320 17553
2 -2 -2 -2 -2 2 -31 -13 1 -52 -28 3 40 40 | 22464 1 1 21 198 207 384 12320 17552
2 -2 -2 -2 -2 2 -31 -13 1 -52 -29 3 40 40 | 22464 1 1 21 198 207 384 12320 17552
2 -2 -2 -2 -2 2 -31 -13 1 -51 -29 3 40 40 | 23920 1 1 21 198 207 363 12320 17552
2 -2 -2 -2 -2 2 -31 -13 1 -52 -27 3 40 40 | 26312 1 1 21 198 207 365 12320 17543
2 -2 -2 -2 -2 2 -31 -13 1 -51 -26 3 40 40 | 28912 1 1 21 198 207 369 12320 17542
2 -2 -2 -2 -2 2 -31 -13 1 -53 -25 3 40 40 | 33072 1 1 21 198 207 325 12320 17543
2 -2 -2 -2 -2 2 -31 -13 1 -53 -26 3 40 40 | 26936 1 1 21 198 207 347 12320 17543
2 -2 -2 -2 -2 2 -31 -13 1 -52 -26 3 40 40 | 20904 1 1 21 198 207 394 12320 17543
2 -2 -2 -2 -2 2 -31 -13 1 -52 -24 3 40 40 | 25168 1 1 21 198 207 369 12320 17542
2 -2 -2 -2 -2 2 -31 -13 1 -52 -25 3 40 40 | 20800 1 1 21 198 207 391 12320 17542
2 -2 -2 -2 -2 2 -31 -13 1 -51 -25 3 40 40 | 20592 1 1 21 198 207 393 12320 17542
2 -2 -2 -2 -2 2 -31 -13 1 -47 -29 3 40 40 | 20592 1 1 21 198 207 390 12320 17542
