2 13 -11 25 1
2 12 -10 21 8
2 -10 1 12 -12
2 -73 -52 12 -12
2 -95 -67 10 -11
2 11 -10 68 -68
2 0 -39 10 -8
2 -17 7 10 -8
2 10 -8 60 -107
2 11 -9 66 -51
2 1 -5 115 -96
2 -45 -47 1 -4
2 2 -2 105 99
2 -54 -56 3 -3
2 -99 -117 2 -1
2 -6 16 4 -2
2 -75 82 4 -2
2 -15 -13 4 2
2 5 1 22 11
2 -7 -3 5 2
2 4 5 24 17
2 5 19 103 135
2 -66 -47 -9 17
2 -14 -49 -10 18
2 -11 -45 -11 17
2 -75 -50 -3 18
2 -88 -69 -4 17
2 6 4 13 -3
2 -7 3 7 3
2 -85 110 7 4
2 6 0 94 -82
2 7 1 18 15
2 -16 27 8 2
2 -11 6 9 3
2 -10 15 8 5
2 -16 -3 18 44
2 -16 -3 2 22
2 -77 49 -16 -3
2 7 6 44 44
2 20 -17 23 -15
2 -91 -73 20 -17
2 -17 -54 13 17
2 6 7 42 36
2 5 5 40 -43
2 -67 -109 13 15
2 -52 49 6 5
2 -83 -58 13 16
2 6 6 95 85
2 -55 -33 23 -17
2 5 6 15 -2
2 24 -16 29 -10
2 -11 3 24 -15
2 -11 12 23 -16
2 -88 -66 23 -16
2 -69 -45 23 -15
2 -51 -25 21 -17
2 -109 -82 5 -13
2 -26 -3 20 -16
2 21 -15 68 -65
2 -108 -83 19 -15
2 -26 -7 19 -13
2 -28 -15 -12 -2
2 14 -22 15 -12
2 -26 -6 -13 -1
2 14 -11 21 10
2 10 11 32 23
2 -18 2 -7 11
2 7 18 12 -9
2 8 24 12 9
2 -6 9 5 17
2 2 14 11 8
2 -31 -6 -13 0
2 -59 60 -7 10
2 -33 53 10 9
2 -16 -2 36 -4
2 -7 8 7 17
2 3 22 10 7
2 -15 -1 -9 21
2 -17 15 -8 9
2 -8 10 7 17
2 -8 10 58 52
2 -55 46 -9 10
2 -82 -60 14 17
2 7 7 11 70
2 7 7 24 0
2 -11 -2 7 7
2 -32 -29 7 7
2 -25 -58 7 7
2 7 7 88 -136
2 -8 16 8 8
2 -83 92 8 8
2 -12 8 9 -11
2 9 -11 62 29
2 -81 95 7 9
2 -57 -29 20 -14
2 -8 -21 22 -14
2 -89 -68 22 -14
2 -36 -14 24 -14
2 -105 -80 8 -10
2 8 10 102 101
2 -78 83 9 10
2 9 11 82 76
2 -36 -77 -8 13
2 -9 -18 -9 12
2 -64 -100 -9 12
2 -88 -58 -10 13
2 -23 14 -10 12
2 -11 13 35 -54
2 -11 13 20 30
2 -11 13 19 -40
2 -11 13 110 59
2 -12 13 6 -31
2 23 -13 97 62
2 24 -12 33 -17
2 23 -11 119 -114
2 -23 0 21 -13
2 22 -12 24 3
2 -40 47 22 -12
2 -95 -67 21 -12
2 -98 -75 22 -10
2 20 -11 132 112
2 9 -31 14 14
2 -64 -48 -9 7
2 -43 47 -2 17
2 -56 -92 14 16
2 -40 -25 -10 6
2 -9 6 7 16
2 -16 -56 -9 6
2 -77 -110 -2 16
2 14 27 15 14
2 -9 4 -9 18
2 -9 4 102 -115
2 -3 17 -2 14
2 -27 29 1 19
2 -32 -9 2 19
2 -82 -63 -13 18
2 -15 18 3 17
2 -23 0 2 17
2 -1 -12 25 -8
2 24 -10 36 7
2 25 -10 29 -5
2 16 -22 23 -9
2 -74 -53 23 -9
2 -6 33 13 10
2 -16 2 19 -8
2 -79 -61 19 -8
2 -7 20 -1 -10
2 9 19 22 -2
2 0 22 13 6
2 3 25 13 6
2 -15 5 24 -5
2 6 -16 19 -12
2 20 -1 22 0
2 21 -2 22 0
2 -37 35 21 -2
2 -11 45 20 15
2 20 -30 24 -6
2 12 -5 12 6
2 -17 -12 -5 7
2 -54 59 0 17
2 19 -1 47 17
2 -5 14 20 -2
2 20 -2 126 95
2 -84 105 11 7
2 -29 -4 22 -4
2 -14 -3 -11 -17
2 -9 -5 18 16
2 -16 7 22 -5
2 16 13 23 -14
2 -2 -36 16 13
2 -13 -4 135 107
2 3 22 19 15
2 -9 -9 23 -6
2 23 -6 61 -35
2 -74 -55 -6 -10
2 -10 12 19 -2
2 19 -2 78 49
2 20 -3 105 76
2 -11 4 5 0
2 5 0 107 62
2 -5 5 71 54
2 -32 2 -14 -4
2 -23 9 -14 -4
2 18 15 22 -2
2 -67 -48 18 15
2 4 -26 16 12
2 -7 -12 16 12
2 16 12 90 65
2 -5 15 18 -2
2 18 -2 97 -105
2 -83 121 9 12
2 19 -3 75 -58
2 -98 -79 -15 -3
2 -7 7 15 9
2 -7 7 1 -15
2 4 -1 43 37
2 -40 46 4 0
2 -69 64 -9 8
2 17 -2 68 -75
2 8 12 119 99
2 -108 105 -1 17
2 3 -12 12 15
2 -76 -42 12 15
2 19 -4 75 -83
2 -11 5 -3 21
2 -18 0 -4 15
2 -10 4 10 26
2 -3 14 9 16
2 -21 23 10 5
2 -37 -6 -7 6
2 -9 3 27 41
2 -9 3 117 -60
2 -2 13 26 -35
2 11 4 47 -46
2 -87 -71 -6 5
2 -78 109 -8 2
2 -1 12 55 -65
2 -4 -14 1 1
2 -16 2 23 14
2 11 15 20 2
2 -61 -68 11 15
2 -31 35 18 -4
2 10 30 12 14
2 -10 12 19 -5
2 19 -5 57 -64
2 13 13 113 105
2 -44 -25 -16 -4
2 -21 57 16 15
2 20 -6 69 -54
2 -6 29 14 12
2 17 16 18 13
2 18 13 99 90
2 22 -8 82 63
2 16 10 52 30
2 -57 -29 -15 -5
2 -61 -36 21 -7
2 -77 -70 15 11
2 -5 -13 14 -5
2 14 -5 65 35
2 15 -7 37 2
2 4 17 14 -7
2 -53 66 14 -7
2 14 -4 108 86
2 18 -8 68 43
2 -13 18 -11 2
2 -35 70 -11 2
2 -12 12 -4 12
2 -15 -6 -12 3
2 -16 31 -5 13
2 -106 110 -6 14
2 11 -29 22 3
2 -33 -9 -10 1
2 -3 11 68 -70
2 -9 0 11 20
2 -2 10 103 -109
2 -24 -38 -5 4
2 -5 4 10 -17
2 -5 4 30 -91
2 -3 6 18 16
2 -94 102 -3 6
2 -41 47 -15 17
2 -23 -24 -2 8
2 -20 -9 -1 7
2 -29 -5 23 -4
2 -3 17 12 7
2 -1 26 12 7
2 -37 43 12 7
2 -15 -3 17 14
2 -11 -2 20 0
2 -46 -74 20 0
2 10 14 42 30
2 -101 118 16 -7
2 -60 -39 -12 2
2 -14 8 -5 12
2 -5 12 81 -69
2 -76 63 0 -2
2 -13 3 -11 -50
2 -47 51 -6 13
2 -11 -23 25 -2
2 14 9 18 -14
2 -18 1 21 -10
2 -10 -1 11 16
2 -2 9 11 -21
2 -5 3 14 -19
2 -9 7 -2 6
2 -3 7 37 -14
2 -1 8 16 4
2 -20 -2 -11 15
2 -15 4 19 -11
2 -14 16 -4 -9
2 -4 11 4 4
2 20 1 27 -12
2 -61 62 20 1
2 -60 -35 25 -4
2 14 7 20 0
2 14 7 47 48
2 -1 9 4 -9
2 -26 -6 -10 15
2 17 -8 99 -89
2 -55 53 11 10
2 24 -3 122 -114
2 13 8 17 7
2 -70 89 13 8
2 -102 108 19 -10
2 5 4 9 -8
2 13 -14 31 -35
2 -14 8 19 -6
2 -64 44 19 -6
2 13 12 50 45
2 20 -7 78 53
2 9 4 31 19
2 -8 5 7 -4
2 -8 5 36 20
2 14 11 34 5
2 -33 70 14 11
2 -14 6 12 -24
2 -31 36 -7 16
2 -113 -106 12 13
2 -6 -5 11 14
2 21 -8 21 3
2 10 3 20 -27
2 -108 -111 10 3
2 -7 4 17 12
2 15 10 20 17
2 15 10 45 39
2 -40 42 22 -9
2 16 9 40 -14
2 -27 -60 20 13
2 25 -7 41 27
2 -52 -55 -3 5
2 -1 16 16 -8
2 -94 -73 16 -8
2 16 -4 100 -105
2 0 -3 12 0
2 0 -3 6 -8
2 -10 -3 11 11
2 -105 -76 11 11
2 19 -9 83 -71
2 -22 -3 -11 0
2 -56 77 -11 0
2 -4 10 29 -34
2 -99 106 25 -3
2 -83 87 14 8
2 -99 -72 18 -10
2 -15 -6 26 -4
2 26 -4 102 98
2 -15 4 0 32
2 -16 -2 -8 14
2 10 12 14 19
2 13 -13 20 -21
2 -4 -7 1 -2
2 20 14 26 16
2 -9 -2 13 -12
2 -15 23 1 -1
2 -30 -7 1 -1
2 23 -8 23 -7
2 -104 119 23 -8
2 -9 16 -4 24
2 -9 16 56 28
2 22 2 93 69
2 -27 -17 10 13
2 -73 -37 -15 5
2 18 -15 23 -10
2 -48 -28 18 -15
2 -103 -79 17 -15
2 16 -5 94 91
2 -56 -31 -8 16
2 17 -9 34 -51
2 -66 -46 17 -10
2 16 -9 55 52
2 -109 -88 15 -10
2 -14 14 15 -15
2 -63 -40 -14 15
2 23 2 38 -13
2 14 -9 19 -20
2 -27 59 14 -9
2 21 1 23 15
2 21 1 134 -69
2 -75 -52 13 -8
2 -112 -88 -4 -7
2 -8 34 16 -12
2 -1 25 16 -12
2 -101 130 16 -12
2 -92 -65 -1 -11
2 -75 -54 -7 19
2 -29 4 -14 8
2 -14 8 -11 6
2 -8 18 -4 21
2 -106 -87 9 17
2 -13 9 110 92
2 -29 38 -16 13
2 -83 101 -6 20
2 -89 89 11 19
2 20 -20 24 -9
2 -13 8 -8 -6
2 -17 21 -6 17
2 11 16 34 -5
2 -27 30 -14 7
2 -106 -79 -5 17
2 12 16 18 -16
2 -73 72 -12 8
2 -64 70 -4 19
2 13 18 105 86
2 -81 -57 -10 9
2 -35 60 7 13
2 -48 41 7 12
2 -45 -24 -5 19
2 -61 61 12 18
2 -66 -30 -15 15
2 -19 43 8 17
2 -77 -55 7 17
2 -84 81 -8 17
2 -62 16 -17 7
2 -17 7 21 18
2 -16 7 -11 18
2 -17 9 8 15
2 -79 74 8 15
2 7 15 54 -62
2 7 -11 9 15
2 -39 -29 9 15
2 -23 -14 13 -7
2 -98 -103 13 -7
2 -6 20 8 14
2 -61 88 8 14
2 -7 21 0 0
2 0 0 37 -65
2 -27 7 -17 1
2 -17 1 32 -7
2 -60 73 17 -4
2 17 -5 76 42
2 7 11 62 -39
2 7 14 90 83
2 -2 19 32 -5
2 15 18 31 2
2 -16 4 4 36
2 -36 69 -16 4
2 17 -1 24 -20
2 -74 -73 17 -1
2 -12 10 114 125
2 0 -14 16 -13
2 -1 -12 6 20
2 -16 16 -14 16
2 -86 -55 -14 16
2 1 -31 18 11
2 -72 -106 18 11
1 -7 2
2 -12 21 0 15
2 -17 2 -7 3
2 0 16 13 -9
2 0 16 104 -115
2 -24 1 -6 3
2 -6 3 89 -108
2 1 16 28 0
2 -7 1 28 7
2 0 14 43 -11
2 0 14 138 84
2 -63 -39 25 -12
2 -69 -42 24 -17
2 -38 -15 23 -18
2 -32 -4 38 -84
2 -94 -74 -32 -5
2 -33 -5 -11 -52
2 22 -20 26 -17
2 26 -18 28 0
2 -21 -3 26 -16
2 -39 9 -30 -2
2 -30 -2 30 9
2 -41 -21 -30 -3
2 -47 -27 20 -18
2 -47 -28 19 -17
2 -98 -73 21 -19
2 -41 -14 22 -19
2 -75 -52 21 -20
2 12 16 18 -18
2 2 20 17 -20
2 -33 -10 19 -20
2 -107 -83 18 -21
2 -56 -36 20 -22
2 -80 -52 20 -20
2 -40 -20 26 -14
2 -76 -116 27 -15
2 -47 -24 26 -19
2 -10 14 25 -20
2 1 20 27 -20
2 -115 -87 27 -21
2 -52 -28 26 -21
2 -98 -76 27 -19
2 -43 -16 28 -19
2 -77 -56 28 -20
2 29 -18 29 -15
2 -18 5 29 -19
2 -63 -45 27 -18
2 -102 -83 23 -19
2 -37 -15 26 -1
2 -64 -39 26 0
2 27 -1 118 -116
2 -73 -46 25 1
2 -46 -22 24 1
2 -92 -74 24 2
2 -70 -51 -1 -9
2 -17 10 23 3
2 -106 -87 24 3
2 -55 -29 26 3
2 -65 -44 26 4
2 -45 -18 27 3
2 -94 -72 25 5
2 -34 -28 -1 -4
2 -111 -93 25 6
2 -96 -72 24 4
2 -101 -75 23 4
2 -71 -43 8 18
2 -84 103 -15 9
2 -59 85 -8 19
2 -76 -49 9 19
2 -92 -63 -14 10
2 -104 108 -7 20
2 -16 11 35 -6
2 -14 26 -9 21
2 -9 21 -7 -45
2 -116 -87 -17 11
2 -71 81 -17 12
2 -23 29 -16 12
2 -17 10 -17 18
2 -14 15 -10 20
2 -64 -45 12 20
2 -11 11 2 17
2 -34 54 -11 11
2 -35 -8 13 19
2 -18 10 -13 11
2 -20 2 -6 21
2 -54 -35 11 21
2 -50 -30 12 21
2 -49 -23 10 21
2 -13 13 -7 20
2 -14 11 20 2
2 -34 -7 -7 21
2 -74 74 7 22
2 -54 58 5 20
2 -107 105 3 20
2 -54 -34 2 21
2 -51 49 3 22
2 -21 -2 0 21
2 -75 75 1 22
2 -51 56 -1 20
2 -16 9 -1 22
2 -74 81 -3 20
2 -74 103 -4 22
2 -68 -48 -8 22
2 -79 86 6 21
2 -94 -76 5 21
2 -95 92 5 22
2 -79 -60 6 18
2 -9 -44 6 19
2 -107 112 6 17
2 -73 96 5 17
2 -51 73 5 18
2 6 14 12 -13
2 -52 -94 6 14
2 6 15 25 -2
2 6 15 7 40
2 -27 -34 6 15
2 -116 -79 6 15
2 6 13 65 -75
2 5 13 79 -80
2 5 14 28 5
2 -32 -74 5 14
2 -85 77 6 12
2 -21 4 5 16
2 5 16 46 33
2 -13 16 4 17
2 2 -13 4 15
2 0 14 3 15
2 3 15 102 96
2 -83 109 3 16
2 5 15 45 -54
2 -19 -1 4 14
2 -105 98 4 14
2 5 12 19 16
2 -81 101 5 12
2 4 12 62 -63
2 -39 64 4 13
2 4 11 17 -1
2 4 11 30 -46
2 3 11 75 -84
2 3 12 41 -48
2 5 11 37 -39
2 -36 39 5 10
2 4 10 42 -44
2 6 10 87 94
2 -68 71 6 9
2 6 11 17 -1
2 -9 0 3 14
2 2 14 11 -18
2 2 15 23 -3
2 2 15 130 -93
2 1 13 16 -25
2 1 14 10 17
2 1 14 92 -102
2 3 13 104 -119
2 2 12 17 13
2 2 12 107 -114
2 -22 -18 3 10
2 -15 6 2 11
2 2 11 47 -53
2 2 9 21 -29
2 1 10 10 -19
2 3 9 13 -24
2 -1 6 44 2
2 -1 6 12 19
2 -21 -1 3 -36
2 -82 -118 -21 -1
2 -24 15 -22 -1
2 4 -8 5 8
2 5 7 9 9
2 4 7 8 3
2 -3 11 4 9
2 -3 16 6 8
2 6 8 77 136
2 1 12 25 -19
2 0 12 117 -109
2 0 13 11 31
2 0 11 22 3
2 0 11 92 85
2 -25 2 -3 33
2 -5 10 1 11
2 0 10 19 5
2 -23 20 0 10
2 -83 103 2 8
2 -24 -1 6 -31
2 -66 -101 -24 -1
2 -24 0 1 27
2 -24 0 -13 -24
2 -24 -2 -7 -44
2 -24 -2 -13 -51
2 -111 -103 -3 4
2 -25 -2 -23 37
2 -97 114 -25 -1
2 -23 -2 -7 -19
2 -54 -90 -23 -2
2 -25 -21 2 6
2 -24 -3 24 39
2 -24 -3 88 100
2 -43 57 3 6
2 -1 3 70 64
2 -4 12 2 5
2 -25 18 -2 2
2 -7 6 3 7
2 -1 4 6 0
2 -64 -43 -21 -3
2 -38 -18 -26 1
2 -35 4 -27 1
2 -26 -1 -6 -44
2 -25 -3 -24 26
2 -97 105 -4 3
2 -26 -2 -19 29
2 -5 2 8 5
2 -5 2 108 109
2 -27 -4 -6 29
2 -38 -76 -27 -4
2 0 5 57 68
2 -4 2 84 80
2 -133 -104 -25 -5
2 -102 107 -26 -5
2 -15 33 19 10
2 -24 -5 34 -5
2 -24 -5 102 81
2 -36 -12 21 10
2 -134 -86 -24 -6
2 -55 -28 21 9
2 -25 -6 -7 25
2 9 -35 20 9
2 20 9 21 -31
2 -24 -4 28 7
2 -24 -4 65 82
2 -104 -86 -23 -5
2 -76 -51 22 10
2 -84 -61 -28 -1
2 -29 -1 -27 -2
2 -28 -3 34 43
2 -28 -3 101 109
2 -6 1 57 -60
2 -28 -6 -27 3
2 -65 105 -28 -6
2 -20 56 17 9
2 -80 -118 -6 0
2 -27 -7 11 30
2 -27 -7 10 -16
2 -27 -7 75 50
2 18 8 42 -47
2 -8 -1 121 102
2 -26 -27 -26 -7
2 -110 -76 -26 -7
2 19 8 40 -55
2 19 7 21 10
2 -27 -8 13 21
2 -55 41 -27 -8
2 -88 -74 18 7
2 -5 0 17 -20
2 0 2 5 1
2 -5 -1 24 -6
2 -52 -89 -5 -1
2 -9 -1 11 21
2 -30 -8 -17 -12
2 -58 26 -30 -8
2 15 7 75 -86
2 -29 -14 -29 -8
2 -100 102 16 7
2 -9 -3 0 -13
2 -30 -9 -2 -13
2 -13 38 15 6
2 0 26 15 6
2 -95 121 15 6
2 -8 -3 -5 -14
2 -8 -3 65 2
2 -8 -3 130 76
2 -39 -4 -28 -10
2 -77 45 -28 -10
2 3 20 17 5
2 17 5 24 -39
2 -9 -4 80 44
2 -30 -12 -28 -8
2 -39 -77 -28 -8
2 -7 -3 19 47
2 -7 -3 72 94
2 -54 -27 -33 -6
2 -31 -9 8 23
2 -11 0 14 6
2 -42 80 14 6
2 -32 -8 78 -112
2 -62 -42 -12 -4
2 -33 -10 -26 39
2 -93 110 -33 -10
2 -31 -10 19 18
2 12 -5 14 5
2 14 5 64 -73
2 -38 41 -11 -5
2 -16 5 -11 -5
2 -11 -5 0 66
2 -11 -5 8 56
2 -32 -11 -7 -45
2 -51 -88 -32 -11
2 -10 -5 -7 -11
2 -38 -4 -30 -12
2 -121 101 -30 -12
2 13 -9 15 3
2 -11 -6 17 16
2 -54 18 -30 -10
2 -136 99 -30 -10
2 15 5 30 -26
2 15 5 20 17
2 15 5 46 60
2 -9 -5 18 32
2 -68 -48 -9 -5
2 -68 -40 -13 -5
2 -84 -57 -14 -6
2 -92 -64 -13 -6
2 -71 -50 -13 -7
2 -79 -61 -14 -7
2 -2 -7 12 1
2 11 14 13 3
2 -102 99 10 2
2 10 -3 10 1
2 -10 -5 9 0
2 10 -1 16 12
2 10 -1 92 83
2 8 0 10 2
2 -92 98 7 -1
2 -34 36 6 -2
2 -51 57 8 -3
2 -45 -60 8 -1
2 -4 20 5 -3
2 -33 42 5 -3
2 1 10 4 -4
2 -13 -23 6 -5
2 -2 24 6 -5
2 -2 15 6 -3
2 -76 -59 6 -3
2 -28 1 3 -4
2 -2 -12 3 -5
2 -15 16 2 -6
2 2 -6 110 81
2 4 -7 58 24
2 -99 -104 4 -5
2 -14 11 1 -6
2 1 -7 19 14
2 0 -8 34 -4
2 1 17 2 -9
2 2 -7 20 -13
2 -37 -17 2 -7
2 -45 -23 0 -10
2 -69 -41 0 -9
2 -65 -64 -1 1
2 -92 -69 24 9
2 -21 7 22 9
2 -62 -44 22 8
2 -114 -88 21 8
2 -105 -81 23 8
2 -32 -13 23 7
2 -3 -2 77 -79
2 -88 91 -1 -3
2 -2 -3 23 -27
2 -31 -5 24 8
2 21 7 29 3
2 -10 16 20 7
2 5 -7 20 6
2 -6 -3 22 1
2 21 -2 21 6
2 -99 109 21 6
2 -65 -99 21 5
2 20 -15 20 5
2 20 5 34 -29
2 -56 -53 20 5
2 -96 -69 22 5
2 -4 -5 80 -85
2 -53 -26 22 6
2 -99 -81 23 5
2 -6 -4 57 -31
2 1 -15 18 5
2 18 5 46 -45
2 18 4 74 -78
2 17 4 82 58
2 -6 -5 26 5
2 -13 10 19 3
2 -13 18 18 3
2 -51 55 18 3
2 -5 -6 3 -12
2 -86 -75 -6 -7
2 20 4 49 27
2 -97 -71 21 3
2 -53 -34 -8 -6
2 -94 -76 -9 -6
2 -34 -16 -9 -7
2 -88 -64 -10 -7
2 17 2 52 -34
2 -42 54 17 1
2 -78 -111 -7 -8
2 -57 -39 -7 -9
2 -95 -74 -8 -9
2 -37 -11 -7 -7
2 -6 -8 9 25
2 -6 -8 66 53
2 -51 -40 15 1
2 14 0 16 22
2 15 0 21 5
2 13 -1 17 -5
2 15 -2 22 -14
2 6 -10 16 0
2 12 -1 30 -23
2 -5 24 12 -1
2 -68 112 12 -1
2 11 -2 100 98
2 -3 18 12 -2
2 -23 42 12 -2
2 8 15 13 -4
2 -9 9 13 -2
2 -38 -14 13 -2
2 -81 78 10 -3
2 1 27 9 -4
2 10 -4 18 -3
2 -82 -84 10 -4
2 9 -5 91 83
2 11 -6 81 -72
2 -52 58 11 -4
2 8 -5 20 16
2 7 -6 12 -11
2 -17 3 8 -6
2 8 -6 102 96
2 7 -7 116 86
2 -29 -33 9 -8
2 9 -6 20 2
2 9 -6 39 -51
2 -78 80 6 -7
2 5 -8 60 32
2 -59 -37 6 -8
2 -114 -88 5 -9
2 7 -10 74 -63
2 4 -11 7 -8
2 3 22 4 -9
2 3 -10 23 0
2 -12 15 4 -10
2 -2 14 3 -11
2 -78 -56 3 -11
2 -79 -55 5 -12
2 -53 -29 5 -10
2 2 -11 27 -16
2 1 -12 26 5
2 -23 5 2 -12
2 -113 -89 1 -13
2 -11 -4 3 -12
2 -110 -86 0 -13
2 -166 -144 -109 -91
2 -111 -92 -44 59
2 -146 -118 -111 -92
2 -111 -92 -91 -107
2 -124 -115 -111 -92
2 -110 -91 -96 -99
2 -190 -151 -110 -91
2 -152 -76 -111 -91
2 -113 -111 -111 -91
2 -251 -174 -111 -91
2 -113 -89 2 -207
2 -151 -9 -112 -90
2 -112 -89 -20 -175
2 -112 -87 -106 -74
2 -113 -85 -97 -57
2 -202 7 -113 -85
2 -171 -149 -112 -86
2 -140 -117 -112 -85
2 -109 -90 -15 22
2 -109 -90 -83 -116
2 -144 -111 -109 -90
2 -109 -90 -106 -72
2 -109 -90 -98 107
2 -117 -92 -108 -89
2 -109 -89 -108 -115
2 -109 -89 -94 -88
2 -140 -68 -109 -89
2 -111 -87 -79 -116
2 -110 -88 -97 -89
2 -110 -87 -85 -112
2 -110 -85 -106 -108
2 -127 -44 -110 -85
2 -111 -83 -86 -88
2 -195 3 -111 -83
2 -197 -179 -110 -83
2 -162 -137 -105 -87
2 -107 -88 -75 -104
2 -107 -88 2 24
2 -107 -88 -91 -86
2 -133 -107 -107 -88
2 -106 -87 -93 -103
2 -175 -138 -106 -87
2 -148 -76 -107 -87
2 -107 -87 -90 -94
2 -201 -124 -107 -87
2 -109 -85 -32 -157
2 -119 -30 -108 -86
2 -108 -85 -44 -143
2 -109 -79 -108 -83
2 -109 -81 -91 -39
2 -157 -36 -109 -81
2 -165 -138 -108 -82
2 -137 -110 -108 -81
2 -105 -86 34 -11
2 -105 -86 -81 -92
2 -108 -83 -105 -86
2 -124 -90 -105 -86
2 -105 -86 -80 89
2 -111 -81 -104 -85
2 -105 -85 -92 -112
2 -111 -81 -105 -85
2 -245 -175 -105 -85
2 -107 -83 12 -197
2 -120 -47 -65 -45
2 -65 -45 -47 -44
2 -186 -108 -65 -45
2 -64 -46 -64 -32
2 -140 36 -64 -46
2 -77 -40 -64 -45
2 -67 -39 -63 -43
2 -63 -43 -52 -51
2 -129 -57 -63 -43
2 -63 -44 -10 -62
2 -66 -48 -63 -44
2 -63 -44 -20 34
2 -63 -44 -30 -41
2 -61 -41 -50 -42
2 -61 -41 -58 -59
2 -143 -68 -61 -41
2 -63 -41 -53 -17
2 -62 -39 63 -157
2 -115 -82 -61 -40
2 -137 -114 -54 -27
2 -54 -26 14 -111
2 -155 -131 -60 -40
2 -66 -39 -61 -38
2 -60 -39 -30 -19
2 -139 52 -60 -39
2 -103 42 -60 -38
2 -61 -42 -16 -66
2 -61 -42 -47 -39
2 -61 -42 -41 -62
2 -61 -42 -53 -69
2 -60 -41 -55 -53
2 -135 -96 -60 -41
2 -149 -4 -106 -84
2 -137 -109 -59 -41
2 -67 -46 -58 -39
2 -106 -83 -62 -124
2 -60 -36 -58 -36
2 -60 -36 -46 -47
2 -75 -55 -61 -35
2 -61 -37 67 -162
2 -63 -36 -50 -46
2 -78 -56 -62 -35
2 -63 -35 -33 -52
2 -122 26 -63 -35
2 -54 -35 -45 -39
2 -65 -28 -55 -34
2 -136 -112 -57 -31
2 -55 -33 -27 -56
2 -59 -31 -56 -34
2 -56 -33 -52 -37
2 -58 -35 -50 -36
2 -106 -78 -105 -70
2 -106 -78 11 -209
2 -58 -34 50 -143
2 -59 -35 -37 -52
2 -61 -38 -61 -34
2 -63 -41 -60 -33
2 -59 -32 -37 -40
2 -102 -78 -59 -32
2 -59 -31 -53 -10
2 -175 78 -59 -31
2 -70 -2 -53 -28
2 -161 94 -53 -28
2 -140 -119 -53 -26
2 -51 -27 8 -89
2 -52 -28 6 -81
2 -94 -54 -49 -28
2 -98 61 -48 -26
2 -52 -15 -49 -26
2 -98 -70 -93 -86
2 -112 -93 -96 -70
2 -97 -70 -82 -83
2 -137 -111 -97 -70
2 -46 -28 -45 -48
2 -158 90 -46 -28
2 -47 -28 7 -44
2 -47 -28 -33 49
2 -47 -28 -26 40
2 -47 -28 -23 -44
2 -96 -73 -64 -101
2 -96 -72 -56 -113
2 -117 -64 -97 -72
2 -148 -11 -97 -72
2 -103 -75 -72 -86
2 -71 -4 -54 -36
2 -54 -36 -41 -43
2 -49 -29 -45 -31
2 -49 -29 -42 -39
2 -190 -118 -49 -29
2 -63 -39 57 -154
2 -55 -36 -1 -51
2 -55 -36 -54 -24
2 -55 -36 -33 -53
2 -84 -25 -55 -36
2 -50 -29 -27 -31
2 -74 14 -50 -29
2 -112 28 -64 -39
2 -106 -80 -105 -78
2 -56 -36 -50 -43
2 -51 -29 -36 -22
2 -152 -125 -55 -37
2 -51 -24 -34 -18
2 -64 -40 -49 -50
2 -104 -81 -96 -90
2 -128 -78 -105 -80
2 -168 -7 -105 -80
2 -94 -4 -65 -40
2 -121 30 -65 -40
2 -126 -85 -57 -36
2 -72 -43 -62 -43
2 -128 -110 -52 -25
2 -85 21 -51 -26
2 -85 -3 -55 -27
2 -55 -27 -45 -30
2 -146 -127 -54 -28
2 -66 -40 -57 -37
2 -57 -37 -49 -60
2 -185 -108 -57 -37
2 -52 -30 -35 -36
2 -63 -50 -56 -38
2 -122 38 -56 -38
2 -65 -34 -51 -31
2 -51 -31 -23 -24
2 -172 -95 -51 -31
2 -156 73 -66 -41
2 -55 -28 -43 -32
2 -58 -37 -42 -6
2 -105 20 -58 -37
2 -127 52 -53 -30
2 -51 -32 -12 -65
2 -51 -32 -48 -34
2 -70 -16 -51 -32
2 -51 -32 -23 -37
2 -57 -38 17 -33
2 -57 -38 -19 -62
2 -57 -38 -17 27
2 -65 -67 -57 -38
2 -65 -5 -52 -31
2 -102 31 -52 -31
2 -54 -31 68 -152
2 -67 -9 -55 -30
2 -135 -93 -53 -32
2 -59 -32 -52 -33
2 -117 -74 -52 -33
2 -103 -83 -102 -99
2 -131 -58 -103 -83
2 -102 -109 -101 -81
2 -101 -81 -88 -83
2 -108 -104 -101 -81
2 -48 -30 -40 -5
2 -109 45 -48 -30
2 -101 -78 -99 -79
2 -56 -25 -55 -35
2 -55 -35 -46 -29
2 -143 -63 -55 -35
2 -50 -28 -42 -30
2 -80 -61 -64 -38
2 -55 -31 68 -151
2 -111 -85 -56 -30
2 -121 -103 -102 -76
2 -101 -77 -32 -150
2 -100 -78 -99 -36
2 -165 34 -100 -78
2 -88 -66 -64 -37
2 -102 -78 -20 -163
2 -101 -79 -27 -151
2 -142 -118 -66 -46
2 -123 -94 -54 -34
2 -62 -38 26 -124
2 -140 -97 -102 -83
2 -53 -31 -17 -67
2 -119 -95 -55 -29
2 -143 -124 -57 -39
2 -142 -115 -52 -32
2 -105 -83 2 -187
2 -100 -76 -21 -150
2 -204 32 -102 -81
2 -66 -45 -43 -36
2 -64 -12 -54 -33
2 -97 25 -54 -33
2 -53 -34 -23 -57
2 -83 -46 -53 -34
2 -53 -34 -37 -26
2 -76 92 -53 -34
2 -57 -30 -34 -22
2 -180 -158 -101 -83
2 -103 -81 -1 -177
2 -101 -82 -40 -88
2 -112 -66 -101 -82
2 -101 -82 -83 -97
2 -121 -86 -101 -82
2 -101 -82 -85 98
2 -203 -162 -100 -81
2 -151 -132 -97 -79
2 -101 -88 -96 -78
2 -192 26 -96 -78
2 -181 -141 -66 -47
2 -96 -77 -87 -88
2 -163 -121 -96 -77
2 -190 -156 -98 -79
2 -99 -80 -44 -95
2 -110 -62 -99 -80
2 -99 -80 -79 -85
2 -118 -99 -99 -80
2 -99 -80 -89 104
2 -142 -115 -98 -78
2 -97 -77 -86 -53
2 -103 -50 -97 -77
2 -99 -77 -86 -86
2 -98 -76 -79 -77
2 -123 -9 -98 -76
2 -153 -132 -67 -40
2 -97 -75 -87 -72
2 -65 -37 -32 -51
2 -126 23 -65 -37
2 -67 -42 -65 -31
2 -66 -43 -22 -87
2 -52 -24 -15 -78
2 -52 -24 -10 -82
2 -98 -75 -11 -154
2 -68 -44 -50 -31
2 -104 -68 -50 -31
2 -134 -106 -50 -30
2 -49 -30 -7 -56
2 -77 -49 -49 -30
2 -61 -30 -49 -30
2 -49 -30 -22 -42
2 -53 -51 -50 -32
2 -152 75 -50 -32
2 -94 -76 -89 -82
2 -179 18 -94 -76
2 -114 -87 -93 -75
2 -95 -76 -32 48
2 -126 -52 -95 -76
2 -95 -76 -22 -67
2 -95 -76 -93 -98
2 -112 125 -95 -76
2 -75 -41 -68 -40
2 -69 -42 -56 -50
2 -116 -89 -69 -42
2 -152 -128 -69 -43
2 -71 -43 -45 -12
2 -128 14 -71 -43
2 -170 -145 -71 -44
2 -69 -45 53 -162
2 -120 -99 -70 -43
2 -72 -44 39 -163
2 -120 -98 -72 -45
2 -169 -139 -73 -46
2 -71 -47 45 -160
2 -115 -88 -71 -45
2 -74 -46 -6 -131
2 -111 -93 -74 -47
2 -164 -139 -75 -48
2 -73 -49 27 -145
2 -107 -86 -73 -47
2 -76 -48 -11 -120
2 -110 -87 -76 -49
2 -158 -130 -77 -50
2 -75 -51 -9 -122
2 -139 -120 -75 -49
2 -78 -50 -25 -112
2 -103 -84 -78 -51
2 -153 -127 -79 -52
2 -77 -53 -19 -116
2 -101 -73 -77 -51
2 -80 -52 -33 -111
2 -138 -117 -80 -53
2 -146 -123 -81 -54
2 -79 -55 -25 -105
2 -101 -75 -79 -53
2 -34 -6 -32 -3
2 -34 -6 71 -124
2 -81 53 -35 -8
2 -33 -8 -27 -14
2 -33 -11 8 29
2 -33 -11 44 64
2 -34 -11 25 -70
2 -89 55 -34 -12
2 -142 101 -35 -12
2 -33 -12 -21 -15
2 -100 67 -33 -12
2 -40 -21 -33 -13
2 -34 -13 -34 2
2 -63 30 -34 -13
2 -134 -92 -32 -13
2 -38 -3 -32 -14
2 -50 -28 -32 -14
2 -119 -58 -32 -14
2 -124 -117 -33 -14
2 -32 -12 -15 -13
2 -32 -12 40 -65
2 -74 -53 -31 -13
2 -36 -8 -7 -46
2 -36 -8 60 -116
2 -69 -49 -37 -10
2 -42 -1 -35 -10
2 -35 -13 -18 -25
2 -35 -13 9 -58
2 -36 -13 58 -102
2 -44 -7 -36 -14
2 -37 -14 -35 2
2 -86 42 -37 -14
2 -35 -14 26 -5
2 -35 -15 30 23
2 -42 -13 -35 -15
2 -45 13 -36 -15
2 -138 99 -36 -15
2 -40 -12 -34 -15
2 -115 -74 -34 -15
2 -34 -16 -29 -25
2 -40 -28 -35 -16
2 -35 -16 -15 -17
2 -41 -17 -34 -14
2 -111 -92 -33 -15
2 -78 -54 -37 -11
2 -38 -10 27 -83
2 -39 -12 -29 -20
2 -39 -12 54 88
2 -140 98 -37 -12
2 -37 -15 78 -124
2 -38 -15 62 -110
2 -38 -16 34 -9
2 -38 -16 58 -99
2 -136 88 -39 -16
2 -115 -76 -37 -16
2 -37 -17 -11 -9
2 -37 -17 -3 -41
2 -38 -17 1 -37
2 -38 -17 34 -1
2 -49 -27 -36 -17
2 -103 -60 -36 -17
2 -36 -18 -16 -28
2 -50 -53 -37 -18
2 -37 -18 -15 -9
2 -53 -45 -37 -18
2 -37 -18 37 -63
2 -121 -96 -36 -16
2 -94 -76 -35 -17
2 -40 -12 -20 -39
2 -40 -12 49 -110
2 -41 -14 -21 -9
2 -71 -3 -39 -14
2 -109 71 -39 -14
2 -39 -17 29 -81
2 -40 -17 29 -80
2 -40 -18 -20 16
2 -41 -18 -41 -9
2 -41 -16 -39 -18
2 -48 -5 -39 -19
2 -39 -19 -28 2
2 -39 -19 2 -21
2 -77 -112 -39 -19
2 -118 97 -40 -19
2 -42 -14 -38 -19
2 -57 13 -38 -20
2 -38 -20 -21 -22
2 -39 -20 -14 23
2 -52 -8 -39 -20
2 -58 -40 -39 -20
2 -108 129 -39 -20
2 -107 -81 -38 -18
2 -94 -70 -37 -19
2 -42 -14 -1 -62
2 -42 -14 35 -98
2 -43 -16 -38 -7
2 -72 -114 -43 -16
2 -146 104 -41 -16
2 -41 -19 83 -144
2 -42 -19 77 -130
2 -42 -20 -9 -17
2 -42 -20 -16 36
2 -42 -20 54 -110
2 -57 -18 -43 -20
2 -41 -20 -24 -7
2 -41 -21 -35 14
2 -60 -9 -41 -21
2 -41 -21 -39 1
2 -50 7 -42 -21
2 -143 97 -42 -21
2 -52 -31 -40 -21
2 -104 -69 -40 -21
2 -43 -8 -40 -22
2 -41 -22 -6 26
2 -41 -22 -27 -27
2 -61 1 -41 -22
2 -69 -30 -41 -22
2 -123 136 -41 -22
2 -77 -47 -40 -20
2 -134 -114 -43 -17
2 -44 -16 -15 -60
2 -45 -18 -17 19
2 -45 -18 -25 53
2 -47 -19 -43 -18
2 -43 -21 -14 -46
2 -44 -21 -19 -43
2 -44 -22 -37 15
2 -127 100 -44 -22
2 -45 -22 -42 -10
2 -43 -22 -37 -20
2 -49 -24 -43 -23
2 -43 -23 -31 -29
2 -43 -23 113 89
2 -48 -12 -44 -23
2 -62 -28 -42 -23
2 -117 -75 -42 -23
2 -48 -33 -42 -24
2 -75 15 -42 -24
2 -43 -24 -31 -19
2 -43 -24 -23 -53
2 -43 -24 -39 -51
2 -44 -24 -42 -22
2 -48 -25 -41 -23
2 -104 -76 -45 -19
2 -46 -18 75 -150
2 -47 -20 -5 24
2 -129 -109 -47 -20
2 -45 -20 -36 -26
2 -45 -23 -9 -51
2 -46 -23 -6 -56
2 -46 -24 -15 37
2 -104 128 -46 -24
2 -68 -30 -47 -24
2 -45 -24 -39 -28
2 -45 -25 -28 -42
2 -56 -4 -45 -25
2 -69 -29 -45 -25
2 -107 -36 -45 -25
2 -46 -25 -20 14
2 -86 94 -46 -25
2 -44 -26 -44 -25
2 -68 11 -44 -26
2 -44 -26 -29 -13
2 -45 -26 24 -31
2 -45 -29 -45 -26
2 -50 -43 -45 -26
2 -63 4 -45 -26
2 -48 -15 -44 -24
2 -121 -98 -43 -25
2 -71 -45 -47 -21
2 -48 -20 19 -97
2 -49 -22 -40 -10
2 -48 3 -47 -22
2 -107 46 -47 -22
2 -47 -25 2 -66
2 -48 -25 11 -79
2 -49 -25 42 -113
2 -113 -40 -95 -70
2 -171 18 -95 -70
2 -143 -121 -95 -69
2 -94 -70 0 -160
2 -132 -112 -50 -24
2 -50 -25 -40 -24
2 -67 -44 -65 -26
2 -131 26 -67 -44
2 -67 -45 50 -163
2 -117 49 -68 -46
2 -114 -77 -67 -46
2 -68 -47 -51 -39
2 -69 -47 -60 -52
2 -70 -48 -53 -18
2 -88 13 -70 -48
2 -104 -63 -69 -48
2 -93 -14 -70 -49
2 -77 -38 -68 -50
2 -139 31 -68 -50
2 -106 -81 -68 -48
2 -71 -49 -13 -104
2 -77 -58 -72 -50
2 -170 -134 -71 -50
2 -72 -51 -53 -50
2 -102 -44 -70 -52
2 -79 -51 -70 -52
2 -76 -56 -70 -50
2 -73 -51 -54 -41
2 -74 -52 -43 -37
2 -149 64 -74 -52
2 -113 -73 -73 -52
2 -98 -12 -74 -53
2 -72 -54 -63 -53
2 -116 -2 -72 -54
2 -108 -84 -72 -52
2 -75 -53 -19 -102
2 -76 -54 -67 -57
2 -172 -137 -75 -54
2 -76 -55 -62 -47
2 -99 -48 -74 -56
2 -78 -58 -74 -56
2 -80 -43 -74 -54
2 -77 -55 -44 -83
2 -78 -56 -58 -47
2 -99 9 -78 -56
2 -146 -105 -77 -56
2 -141 16 -78 -57
2 -89 -70 -76 -58
2 -113 -15 -76 -58
2 -115 -91 -76 -56
2 -79 -57 -29 -105
2 -80 -58 -72 -67
2 -173 -139 -79 -58
2 -82 -45 -80 -59
2 -80 -81 -78 -60
2 -78 -60 -71 -61
2 -80 -51 -78 -58
2 -86 -50 -81 -59
2 -82 -60 -54 -40
2 -143 48 -82 -60
2 -152 -112 -81 -60
2 -147 16 -82 -61
2 -80 -62 -67 -52
2 -135 8 -80 -62
2 -120 -97 -80 -60
2 -83 -61 31 -175
2 -84 -62 -75 -69
2 -180 -139 -83 -62
2 -84 -63 -84 -41
2 -110 -62 -82 -64
2 -96 -43 -82 -64
2 -85 -52 -82 -62
2 -85 -63 -70 -77
2 -86 -64 -67 -66
2 -149 44 -86 -64
2 -146 -110 -85 -64
2 -151 15 -86 -65
2 -84 -66 -64 -60
2 -145 0 -84 -66
2 -123 -101 -84 -64
2 -87 -65 -40 -113
2 -88 -66 -83 -75
2 -181 -143 -87 -66
2 -88 -67 -76 -67
2 -109 -67 -86 -68
2 -102 -41 -86 -68
2 -86 -66 -85 -55
2 -89 -67 -60 -87
2 -90 -68 -82 -77
2 -116 -5 -90 -68
2 -147 -113 -89 -68
2 -155 6 -90 -69
2 -88 -70 -66 -65
2 -151 0 -88 -70
2 -125 -100 -88 -68
2 -91 -69 -42 -112
2 -173 56 -92 -70
2 -183 -148 -91 -70
2 -92 -71 -78 -62
2 -101 -62 -90 -72
2 -106 -43 -90 -72
2 -102 -59 -90 -70
2 -93 -71 -60 -96
2 -94 -72 -88 -79
2 -118 -7 -94 -72
2 -93 -73 -79 -42
2 -105 -47 -93 -73
2 -92 -73 -80 -77
2 -173 -134 -92 -73
2 -93 -74 -53 -105
2 -93 -74 27 -26
2 -93 -74 -84 -86
2 -122 -85 -93 -74
2 -189 -168 -91 -73
2 -96 -74 -81 -47
2 16 -11 90 72
2 -74 81 13 -10
2 11 -12 111 89
2 -114 -86 12 -11
2 -24 -5 11 -11
2 9 -9 23 -8
2 10 -10 102 -103
2 -9 -6 10 -9
2 -13 41 14 -8
2 -38 -41 1 -3
2 2 -4 72 61
2 -42 47 2 -3
2 3 -1 85 79
2 3 -2 14 -14
2 6 1 20 21
2 4 1 27 -27
2 5 3 10 22
2 5 3 119 81
2 -49 51 6 2
2 -15 15 4 19
2 -68 -104 4 19
2 -92 103 -10 19
2 -18 11 -10 17
2 -18 18 -4 16
2 -103 -79 -4 18
2 -55 54 0 19
2 8 3 45 20
2 -32 -12 6 3
2 7 5 77 77
2 -58 -51 8 4
2 -18 -34 5 -1
2 7 0 13 1
2 -70 -75 7 0
2 -65 -42 8 1
2 -50 47 9 2
2 -113 110 -8 7
2 9 6 42 48
1 -13 17
2 -81 -117 -13 17
2 -30 -12 19 -16
2 -11 8 13 18
2 -103 -58 -11 8
2 -112 -85 8 -12
2 5 22 7 -14
2 -11 6 13 -15
2 8 -14 13 15
2 -47 -20 8 -14
2 -11 7 83 69
2 -33 -15 8 -13
2 -55 -27 6 -13
2 -112 -93 7 -13
2 7 -12 56 41
2 7 -11 35 -5
2 -10 -16 6 -12
2 6 -12 60 42
2 -99 -72 22 -15
2 -109 -86 22 -17
2 -26 -7 22 -16
2 21 -16 25 3
2 -11 -1 19 -14
2 -32 -8 20 -15
2 -91 -70 20 -15
2 -4 8 34 -10
2 -63 86 13 7
2 -18 9 -5 9
2 12 8 30 19
2 -76 78 -7 12
2 -113 -86 12 -8
2 -19 -2 10 10
2 -11 -6 -5 10
2 -55 -41 -5 10
2 14 -10 88 -77
2 -60 -58 -14 -1
2 -6 10 -5 -45
2 -43 -27 11 9
2 -40 -43 -14 0
2 -49 -35 -8 8
2 -60 64 9 7
2 -66 -38 -15 -2
2 -34 0 -7 9
2 -38 -7 -7 9
2 -89 87 10 8
2 9 8 54 54
2 9 9 18 25
2 -61 -49 9 9
2 -10 8 -8 -8
2 -10 8 91 -98
2 9 -12 73 -62
2 10 -12 92 -77
2 -29 -11 25 -15
2 7 8 32 8
2 -11 12 7 8
2 3 -16 7 8
2 -10 10 10 -13
2 -51 -88 -10 10
2 2 21 20 -13
2 21 -14 27 -14
2 21 -14 106 -118
2 -26 -8 23 -14
2 -9 20 25 -14
2 -107 111 -9 11
2 -8 11 30 -23
2 -8 11 -8 52
2 -21 14 -8 12
2 -11 9 11 -8
2 -10 -2 11 -7
2 11 -7 67 -80
2 -44 -25 -9 13
2 -18 -56 -10 11
2 -11 12 2 -22
2 25 -11 55 45
2 -7 -10 24 -11
2 -1 16 24 -13
2 -70 -51 24 -13
2 -83 -57 23 -12
2 22 -11 70 38
2 22 -13 91 -88
2 20 -12 29 -17
2 20 -12 65 55
2 -8 -10 21 -11
2 23 -10 27 -24
2 -108 107 -10 5
2 -3 15 -3 16
2 13 -9 15 16
2 -31 -7 -10 7
2 -3 17 25 5
2 13 -14 14 15
2 -1 16 25 -19
2 -67 -51 -1 16
2 -26 -65 15 15
2 -28 59 -9 5
2 -31 32 -2 15
2 15 13 47 21
2 -31 -8 1 18
2 -66 89 3 19
2 -57 61 2 18
2 -6 -38 4 18
2 -18 -54 -14 17
2 -64 95 -14 18
2 -9 14 20 -36
2 -12 14 20 -22
2 -11 14 -6 32
2 -20 11 -11 14
2 -11 14 88 103
2 25 -9 28 -4
2 -67 -40 25 -9
2 -87 101 -11 1
2 -4 11 34 -39
2 -84 83 24 -1
2 -5 11 15 -19
2 -10 7 23 -1
2 -13 -4 -12 -3
2 -84 -61 -12 -3
2 -4 7 80 64
2 -4 -10 8 18
2 4 3 14 8
2 22 -3 39 -37
2 -4 6 17 11
2 -4 6 27 -67
2 -13 -3 37 -14
2 19 16 31 30
2 19 16 24 2
2 19 16 67 92
2 -58 -38 23 -5
2 -72 -46 -5 -10
2 3 3 37 -42
2 -43 -25 -14 -2
2 -27 -14 -6 8
2 4 19 11 6
2 11 6 119 94
2 -6 7 83 -92
2 -8 4 98 93
2 -1 14 33 -26
2 12 5 16 12
2 12 5 117 113
2 -131 -95 -5 6
2 -57 -36 -1 19
2 18 -1 102 74
2 -97 -74 -5 -11
2 -74 76 3 2
2 -41 -17 21 -4
2 -60 -35 19 14
2 23 -7 65 54
2 11 5 68 -78
2 -6 6 6 -16
2 -8 3 -7 12
2 -8 3 130 98
2 -1 13 87 79
2 -41 -14 -6 -11
2 2 2 47 -64
2 -76 -112 -15 3
2 3 1 39 39
2 8 27 10 6
2 -48 97 10 6
2 -104 111 21 -5
2 20 -4 36 28
2 -100 -72 -2 18
2 -71 -46 15 17
2 -59 84 1 2
2 -109 112 -16 3
2 -96 95 18 -3
2 -72 69 -12 6
2 -38 -14 -5 16
2 3 0 107 105
2 13 14 36 -8
2 13 14 78 87
2 20 -5 68 -32
2 -16 24 14 13
2 -15 -4 -10 15
2 -15 14 17 15
2 21 -6 22 0
2 15 12 17 7
2 -14 -5 11 16
2 14 15 18 14
2 -8 0 22 -7
2 10 -15 16 11
2 17 -3 17 15
2 17 -3 100 -101
2 -99 -97 8 11
2 -13 6 37 -13
2 -13 6 2 41
2 -13 6 -7 43
2 -63 -54 -13 6
2 -50 61 -6 16
2 2 0 62 -76
2 -70 71 -5 15
2 -11 4 108 90
2 -4 14 88 -92
2 9 5 46 21
2 -16 -2 -8 6
2 -84 -67 -8 6
2 -58 55 -10 3
2 -15 16 -6 4
2 -23 20 -8 1
2 -1 11 22 15
2 -1 11 88 -102
2 10 4 82 67
2 -9 2 -2 25
2 -4 11 -2 12
2 -22 -17 15 -6
2 -60 73 14 -6
2 13 -6 88 -79
2 16 -6 99 -89
2 -100 113 15 -5
2 19 -7 20 5
2 13 11 19 4
2 -10 -1 16 -2
2 -16 26 12 12
2 10 16 11 13
2 11 13 83 72
2 -3 -6 64 -70
2 -94 91 20 -8
2 14 -35 14 10
2 21 -9 30 0
2 -29 31 15 9
2 -24 3 15 9
2 -47 51 15 9
2 -21 -59 19 13
2 -56 -57 25 -6
2 -103 109 2 16
2 -67 -43 17 -12
2 -79 -55 18 -13
2 -46 54 -12 15
2 -85 -64 -13 -2
2 -87 91 -5 8
2 -7 5 6 -29
2 -28 -2 -5 -9
2 -28 -19 3 4
2 -14 5 15 36
2 -51 3 -14 5
2 16 -3 21 1
2 16 -3 118 99
2 -12 32 12 11
2 -16 26 17 -6
2 -10 20 17 -6
2 -119 -88 17 -6
2 23 1 47 30
2 8 -19 20 -9
2 -10 0 17 15
2 -3 10 100 -107
2 -11 19 26 -3
2 -13 4 26 -3
2 -5 49 26 -3
2 15 8 22 10
2 -23 -4 15 8
2 17 17 19 12
2 19 12 108 107
2 -47 -26 18 -9
2 -66 -42 25 -5
2 18 -12 77 61
2 -76 -57 -12 16
2 -49 -82 24 -4
2 19 -17 21 -1
2 -95 -57 21 -1
2 21 0 21 3
2 -5 -8 108 -80
2 -10 14 -9 40
2 -25 22 -10 14
2 -18 4 -11 -2
2 -3 8 68 -72
2 18 -11 58 51
2 -63 -100 -11 16
2 -24 10 22 -1
2 22 -1 39 3
2 -36 -30 22 -1
2 -59 68 0 -4
2 -6 11 38 -44
2 -27 36 -12 -1
2 -21 -57 -12 -1
2 -4 9 49 -50
2 12 -13 27 -13
2 -94 -73 12 -13
2 -11 3 -10 -12
2 -46 -79 -11 3
2 -4 13 41 43
2 5 -6 16 14
2 16 14 109 100
2 -108 -92 -10 2
2 10 15 58 18
2 -17 -2 10 15
2 10 15 130 90
2 -12 4 29 10
2 -12 4 98 74
2 -18 23 -6 15
2 -15 -6 -7 -8
2 17 13 26 -21
2 -23 34 -9 1
2 -21 1 -9 1
2 -34 5 -9 1
2 -126 -98 -9 1
2 -37 45 -2 11
2 -8 0 25 -48
2 -1 10 108 98
2 -11 12 -4 4
2 13 18 21 14
2 17 -13 19 -13
2 -69 -48 17 -13
2 -42 -68 19 0
2 10 34 15 -3
2 -12 -1 17 -7
2 -13 2 27 -25
2 -13 2 -5 25
2 -6 12 -3 -9
2 9 18 24 -2
2 13 9 17 -18
2 13 -14 20 -10
2 -20 24 -11 -1
2 -3 9 -3 14
2 -113 -79 -10 16
2 -21 8 -9 15
2 9 13 30 -13
2 5 22 22 1
2 -17 43 -7 13
2 -19 33 -7 13
2 18 -6 22 -1
2 18 -6 107 106
2 14 -14 108 91
2 -57 -47 -4 5
2 18 -5 49 27
2 -35 -12 14 -13
2 -38 -69 16 -15
2 -82 -60 -3 -7
2 -23 30 -7 14
2 -8 0 9 14
2 17 -14 33 -31
2 -10 6 14 -12
2 4 20 16 -14
2 -91 97 15 -4
2 1 -16 24 -7
2 -84 -88 0 -5
2 -27 -8 0 -6
2 0 -6 10 33
2 0 -6 74 62
2 -42 -15 15 -11
2 17 -11 67 -59
2 -14 -53 -13 14
2 15 -8 50 -65
2 -98 -84 -2 -7
2 -68 -63 13 -9
2 1 19 21 2
2 -37 -73 21 2
2 -45 -20 15 -9
2 23 -2 40 32
2 -100 -82 18 -14
2 -66 89 -14 9
2 -41 45 -7 18
2 -82 -60 10 17
2 -92 106 -15 8
2 -33 -73 -6 19
2 -70 67 11 18
2 -13 10 5 18
2 -15 12 2 -33
2 -16 14 -16 20
2 -99 -71 -16 14
2 -81 -119 -6 18
2 -101 -80 11 17
2 -18 26 -13 7
2 -22 4 -7 17
2 -101 108 10 16
2 -12 7 27 -15
2 -70 70 -5 18
2 -78 -54 12 17
2 -49 -31 -11 9
2 -55 57 -3 19
2 -17 4 -16 -48
2 -98 -139 -17 4
2 -21 4 -17 3
2 -59 -92 -17 3
2 -42 -26 -12 9
2 -11 10 24 -8
2 -78 -52 24 -8
2 -91 103 -16 8
2 -56 -92 -17 8
2 -17 15 7 16
2 -1 -9 8 16
2 -7 8 12 -6
2 -16 6 -9 -12
2 -55 -60 -16 6
2 -59 77 -17 6
2 12 -7 18 -4
2 -16 5 4 24
2 -44 -80 -16 5
2 -15 7 39 -61
2 -50 63 7 10
2 -44 50 1 0
2 -9 -18 0 -1
2 0 1 9 10
2 -34 41 -17 2
2 -104 118 -17 5
2 -9 9 -8 25
2 -9 9 58 65
2 8 13 77 67
2 -74 -52 -7 -10
2 10 20 12 19
2 -8 20 23 -3
2 -21 28 -13 15
2 -47 11 -13 16
2 -13 16 24 10
2 -6 2 8 -7
2 1 15 18 -1
2 -23 0 -15 16
2 14 -16 17 11
2 1 27 17 11
2 17 11 18 -54
2 17 12 21 10
2 -110 -91 -17 17
2 7 14 18 12
2 -110 -89 -16 17
2 -8 16 17 10
2 -106 -84 -17 15
2 -51 -26 25 -13
2 -70 -44 24 -18
2 -34 -13 25 -18
2 -47 -26 25 -19
2 -93 -71 24 -19
2 -62 -35 -31 -3
2 -124 -100 -31 -3
2 -31 -4 -11 27
2 -29 -4 27 -16
2 -108 -86 27 -17
2 -65 -38 25 -16
2 -37 -9 19 -18
2 -48 -24 21 -18
2 -10 17 22 -20
2 5 20 22 -18
2 -111 -89 18 -19
2 -58 -31 18 -20
2 -101 -77 17 -19
2 -37 -13 19 -21
2 -50 -24 20 -21
2 -11 16 26 -15
2 -40 -12 26 -15
2 -9 16 26 -13
2 -128 -104 -31 -5
2 -36 12 -31 -6
2 -67 45 -31 -6
2 -30 -6 -18 -18
2 -30 -7 -9 -20
2 -31 -7 -11 -26
2 -30 -5 32 1
2 -29 -5 -22 -8
2 -29 -6 28 -4
2 -29 -6 -28 11
2 -83 122 -29 -6
2 -146 120 -29 -4
2 -28 -4 91 -125
2 -28 -5 56 -86
2 -54 -30 -30 -4
2 -72 -49 25 -1
2 -16 4 27 0
2 25 0 27 1
2 -15 6 26 1
2 -1 -7 11 -11
2 -1 -7 89 -110
2 -70 -43 25 2
2 -91 -65 24 0
2 -15 -19 -2 -6
2 -2 -6 22 11
2 -9 9 -1 -6
2 -1 -6 88 85
2 26 2 27 -8
2 12 17 27 4
2 -2 20 25 4
2 -33 -13 26 5
2 -101 -83 24 5
2 -1 -5 8 -14
2 -2 -5 31 2
2 -2 -5 57 33
2 -21 7 -9 19
2 -61 67 9 18
2 -44 54 -15 10
2 -16 13 10 19
2 -54 -36 -16 10
2 -36 -17 -9 20
2 -15 11 2 -39
2 -31 -69 -15 11
2 -58 86 -8 21
2 -64 -45 7 21
2 -83 111 8 21
2 -69 -47 7 19
2 -9 21 -5 21
2 -46 -44 -5 21
2 -86 -64 13 20
2 -109 116 -11 10
2 -79 98 -4 20
2 -90 -63 11 20
2 -13 12 91 73
2 -41 -19 -12 12
2 -106 107 -14 12
2 -115 -87 10 22
2 -104 -81 11 22
2 -39 -12 10 20
2 -10 16 6 20
2 -107 -83 4 21
2 -44 44 4 20
2 -85 -66 3 21
2 -69 71 2 20
2 -81 -56 1 21
2 -101 101 0 22
2 -65 -46 -1 21
2 -70 -45 -2 22
2 -72 -51 -2 20
2 -8 26 -3 22
2 -73 73 6 22
2 -44 62 -18 14
2 -19 12 -12 23
2 -29 13 -19 13
2 -46 -20 -19 13
2 -18 10 -17 2
2 -105 -83 -18 8
2 -77 -117 -19 8
2 -79 77 -19 9
2 -38 -80 -18 7
2 -67 -105 -18 5
2 -81 -113 -18 6
2 -18 4 2 25
2 -58 -92 -18 4
2 -58 68 -19 4
2 -19 5 61 -83
2 -18 3 108 116
2 -78 -53 -19 7
2 -94 -71 -20 7
2 -20 8 58 76
2 -101 131 -20 6
2 -30 -71 -21 6
2 -34 50 -21 7
2 -46 -85 -19 6
2 -44 -86 -20 5
2 -19 3 106 83
2 -66 -107 -20 3
2 -70 -106 -20 4
2 -76 89 -20 2
2 -69 91 -21 2
2 -27 -7 -21 3
2 -19 2 -17 38
2 -19 1 -10 -18
2 -19 1 -12 -47
2 -31 -66 -20 1
2 -77 102 -18 1
2 -123 -101 -18 0
2 -19 0 20 22
2 -18 2 27 22
2 -97 -65 -18 2
2 -79 -59 -21 5
2 -41 71 -22 5
2 -79 108 -22 6
2 -111 -89 -22 4
2 -23 4 32 -8
2 -27 57 -23 5
2 -50 80 -23 5
2 -21 4 -20 -7
2 -25 9 -22 3
2 -74 -82 -22 3
2 -76 99 -21 1
2 -22 1 -2 -11
2 -31 -18 -22 2
2 -22 2 -14 31
2 -23 -6 -22 0
2 -22 0 61 -82
2 -23 0 -14 32
2 -23 1 -13 -9
2 -51 -91 -23 1
2 -85 -124 -21 0
2 -11 27 4 8
2 3 -15 3 8
2 -1 26 3 8
2 -18 -8 -1 5
2 -20 -1 -2 38
2 -20 -1 98 110
2 -40 -14 -20 -2
2 -104 113 -21 -2
2 -20 0 -18 -19
2 -22 -61 -20 0
2 -99 -73 -19 -1
2 -45 -26 -23 3
2 -102 -76 -24 3
2 -26 6 -24 4
2 -27 -7 -24 2
2 -25 3 -17 22
2 -25 3 74 48
2 -23 2 -18 -14
2 -24 1 -9 -8
2 -48 -84 -24 1
2 -23 -1 109 120
2 1 8 23 -16
2 -89 -80 0 9
2 1 7 86 -90
2 -9 -2 21 13
2 0 7 14 0
2 0 7 97 -129
2 -13 18 0 8
2 0 8 88 67
2 -12 8 -2 4
2 -23 -3 -1 -15
2 -44 66 -23 -3
2 -112 -83 1 6
2 -3 3 75 79
2 -22 -3 5 44
2 -57 93 -22 -3
2 -22 -27 -1 2
2 -2 -23 -1 2
2 -28 23 -1 2
2 -21 -34 -1 2
2 -30 21 -23 -4
2 -57 -11 -23 -4
2 -93 -65 22 11
2 -22 -2 -7 -20
2 -61 -39 -22 -2
2 4 6 60 -54
2 -26 2 34 -9
2 -26 2 44 61
2 -37 -71 -27 0
2 -39 -81 -25 0
2 16 -19 20 12
2 -26 -3 4 30
2 -55 -22 -26 -3
2 -26 -4 -9 -21
2 -26 -4 -25 -67
2 19 11 19 25
2 -27 -3 -1 -26
2 -25 -4 -21 -5
2 -62 -103 -25 -4
2 0 4 47 40
2 -4 1 65 -73
2 -5 1 48 -58
2 1 4 48 44
2 -3 1 55 -53
2 -29 -42 1 3
2 -3 0 -2 -13
2 -10 3 0 3
2 -4 0 5 7
2 -4 0 112 -106
2 1 5 75 -82
1 2 4
2 -29 26 -2 1
2 -79 -53 -27 -1
2 -72 -114 -28 0
2 -29 -2 30 -6
2 -51 -11 -27 -2
2 -27 -2 2 28
2 -27 -5 -13 35
2 18 10 20 1
2 -7 -41 -7 0
2 -87 -129 -7 0
2 -27 -6 -3 -15
2 -27 -6 -7 -43
2 -74 -83 -27 -6
2 18 9 26 9
2 -7 -1 0 -12
2 -60 91 -7 -1
2 -94 -136 -28 -7
2 17 8 85 77
2 -17 0 -6 -1
2 -26 -8 -12 -45
2 -26 -8 -4 -16
2 -15 -9 -6 -2
2 -114 -86 -7 -2
2 -26 -6 -8 32
2 -27 -62 -26 -6
2 19 9 107 93
2 -67 -45 -25 -7
2 -74 -52 20 8
2 -114 -85 -29 -7
2 -30 4 16 8
2 16 8 33 -13
2 -26 31 16 8
2 -28 15 16 8
2 -15 11 -10 -2
2 -56 87 -10 -2
2 -31 -8 -24 -8
2 -75 -111 -31 -8
2 -55 -22 -29 -9
2 -29 -9 0 29
2 -48 -21 -29 -9
2 -29 -9 20 -99
2 -99 -97 16 6
2 -61 -57 -10 -3
2 -28 -9 -22 -20
2 -31 -10 17 6
2 -20 -5 17 6
2 17 6 67 -78
2 -8 -4 51 15
2 -96 76 -29 -10
2 16 5 27 4
2 -8 -2 24 2
2 -8 -2 72 -51
2 18 -7 18 6
2 -32 -7 10 -25
2 -32 -7 -18 -16
2 -23 -1 -11 -3
2 -32 -9 1 -37
2 -36 6 -32 -10
2 -115 80 -32 -10
2 13 5 72 62
2 -33 -9 60 -101
2 -75 -56 -11 -4
2 -31 -11 -8 -13
2 4 17 14 4
2 -60 -38 -12 -5
2 -31 -16 -30 -11
2 -92 -57 -30 -11
2 -10 -6 -3 -7
2 -31 -12 -18 22
2 -108 78 -31 -12
2 -71 -93 14 3
2 -113 -86 -10 -4
2 -83 -55 -29 -11
2 16 4 43 39
2 -42 44 12 4
2 -27 -14 11 3
2 11 3 61 -76
2 -12 -5 12 3
2 -9 15 12 2
2 11 2 24 8
2 -88 -100 11 2
2 13 1 49 49
2 -94 -70 -12 -6
2 14 2 48 29
2 10 0 16 4
2 -1 13 11 0
2 9 -1 10 6
2 -1 14 12 0
2 12 0 106 -101
2 6 -1 15 0
2 -20 24 7 -2
2 -51 48 8 -2
2 7 -3 68 36
2 -64 62 9 -2
2 4 -3 22 20
2 -7 6 5 -4
2 6 -4 20 9
2 -61 -63 6 -4
2 5 -5 49 -57
2 -11 -1 2 -5
2 3 -6 16 12
2 3 -6 85 -62
2 4 -6 112 -91
2 -29 34 3 -7
2 0 -7 28 7
2 -21 -15 1 -8
2 2 -8 2 20
2 -27 -7 1 -9
2 -8 -7 3 -8
2 0 -11 18 -20
2 -27 -6 1 -10
2 -68 71 23 10
2 -14 -4 -1 0
2 -1 0 69 -103
2 -2 0 97 91
2 -3 -1 16 -5
2 -4 -1 14 8
2 -2 -1 9 -5
2 -7 7 -2 -2
2 -6 -8 22 7
2 22 7 106 -101
2 -18 12 24 6
2 -15 -4 -1 -1
2 -4 -2 9 2
2 -13 -8 -5 -2
2 -12 -49 -5 -2
2 -12 16 -5 -3
2 19 6 21 8
2 -40 -81 19 6
2 -25 27 -4 -3
2 -5 -4 -2 -7
2 -59 -57 -5 -4
2 -3 -4 18 -31
2 -8 -11 -3 -5
2 -3 -3 9 -9
2 -3 -3 104 68
2 -90 -88 -2 -4
2 19 5 24 -31
2 -31 -72 -7 -4
2 -81 -119 -7 -5
2 -8 -5 -1 22
2 -49 -85 -8 -5
2 -89 102 19 4
2 -102 -97 -6 -6
2 -86 101 -7 -6
2 20 3 30 12
2 -5 -7 20 15
2 -26 -60 -5 -7
2 -10 -13 19 2
2 19 2 110 -81
2 -5 -11 -5 -5
2 -4 -6 18 16
2 17 3 93 -108
2 -10 -2 16 3
2 -5 -12 16 2
2 15 2 31 37
2 -30 -2 -8 -8
2 16 1 19 -4
2 -6 14 18 1
2 -95 100 18 1
2 -46 -48 18 0
2 17 0 49 49
2 18 2 61 -50
2 19 1 56 -50
2 14 1 104 95
2 13 0 43 56
2 -60 -74 14 -1
2 15 -1 24 3
2 13 20 14 -2
2 14 -2 32 14
2 -6 9 16 -1
2 -47 -65 16 -1
2 -42 -14 10 -2
2 -35 32 10 -2
2 -45 34 10 -2
2 -103 -97 12 -3
2 -55 61 13 -3
2 12 -4 57 -50
2 14 -3 23 8
2 14 -3 36 20
2 -88 89 9 -3
2 3 -18 8 -4
2 8 -4 83 57
2 11 -5 18 6
2 10 -6 22 -2
2 10 -6 105 -115
2 12 -5 25 -6
2 12 -5 103 -91
2 -5 18 7 -5
2 -25 7 7 -5
2 6 -6 14 57
2 6 -6 27 12
2 -67 139 6 -6
2 8 -7 41 17
2 9 -7 79 -71
2 -73 -55 8 -8
2 10 -7 94 87
2 -107 91 5 -7
2 4 -8 21 3
2 6 -9 30 -10
2 6 -9 85 76
2 7 -9 50 -39
2 6 -10 108 104
2 -13 11 8 -9
2 3 -9 20 -14
2 3 -9 98 72
2 -50 -30 2 -10
2 -2 22 4 -11
2 4 -11 85 -100
2 -101 -82 5 -11
2 -113 -90 4 -12
2 -19 5 6 -11
2 -26 -6 1 -11
2 -60 -42 0 -12
2 -101 -76 2 -13
2 -73 -48 2 -14
2 4 -13 60 38
2 -104 -80 1 -14
2 -199 -169 -110 -90
2 -118 -101 -110 -92
2 -156 -40 -110 -92
2 -116 -72 -112 -91
2 -199 -161 -111 -90
2 -117 -88 -113 -90
2 -112 -88 -101 -102
2 -111 -89 -106 -74
2 -129 -79 -111 -86
2 -177 -10 -111 -86
2 -210 -187 -113 -86
2 -112 -84 -78 -132
2 -201 -179 -111 -85
2 -213 -191 -108 -88
2 -108 -90 -100 -86
2 -207 14 -108 -90
2 -110 -89 -107 -89
2 -128 -89 -109 -88
2 -121 -96 -111 -88
2 -110 -86 -75 -123
2 -109 -87 -88 -105
2 -109 -87 -25 -169
2 -202 17 -109 -84
2 -113 -88 -111 -84
2 -110 -82 -80 -127
2 -119 -94 -109 -83
2 -109 -94 -106 -86
2 -106 -88 -103 -74
2 -206 24 -106 -88
2 -108 -87 -99 -82
2 -109 -72 -107 -86
2 -109 -86 -100 -88
2 -203 16 -109 -86
2 -108 -84 15 -205
2 -107 -85 -37 -155
2 -222 48 -107 -82
2 -109 -82 -88 -75
2 -108 -80 -103 -101
2 -108 -80 -39 -164
2 -104 -84 -94 -88
2 -124 -82 -104 -86
2 -117 -64 -104 -86
2 -106 -85 -92 -84
2 -151 -29 -106 -85
2 -71 -50 -65 -47
2 -65 -46 16 -27
2 -88 -45 -65 -46
2 -65 -46 -60 -47
2 -87 -81 -65 -46
2 -87 -65 -64 -44
2 -139 -107 -64 -44
2 -64 -43 -54 -48
2 -132 45 -64 -43
2 -62 -44 -50 -36
2 -63 -40 -53 -47
2 -106 3 -63 -40
2 -124 39 -62 -41
2 -62 -40 -51 -48
2 -153 -125 -63 -37
2 -53 -25 18 22
2 -53 -25 64 43
2 -50 -27 62 -135
2 -71 -37 -59 -39
2 -84 -11 -59 -39
2 -181 -105 -59 -39
2 -61 -39 12 -109
2 -60 -37 10 -105
2 -122 -81 -59 -38
2 -83 -6 -60 -42
2 -60 -42 -48 -35
2 -59 -40 30 -23
2 -87 -38 -59 -40
2 -60 -43 -59 -40
2 -59 -40 -51 -19
2 -100 115 -59 -40
2 -171 -15 -107 -84
2 -82 -49 -58 -40
2 -143 51 -58 -40
2 -59 -37 -5 -91
2 -107 -79 -82 -73
2 -189 -1 -107 -79
2 -117 25 -59 -36
2 -62 -37 -47 -37
2 -63 -7 -61 -36
2 -145 62 -61 -36
2 -62 -34 -40 -63
2 -62 -34 27 -132
2 -64 -36 -3 -109
2 -141 -32 -103 -78
2 -202 -177 -104 -77
2 -68 -7 -57 -32
2 -147 65 -57 -32
2 -104 -76 -55 -134
2 -105 -77 -78 -73
2 -192 5 -105 -77
2 -57 -33 38 -126
2 -57 -35 42 -134
2 -116 33 -57 -34
2 -58 -33 -54 -23
2 -70 -11 -60 -35
2 -78 0 -60 -35
2 -131 51 -59 -34
2 -104 -84 -60 -34
2 -61 -33 -49 -16
2 -109 18 -61 -33
2 -58 -30 -48 -56
2 -58 -30 36 -134
2 -60 -32 -6 -93
2 -96 -69 -52 -26
2 -52 -27 -44 -48
2 -83 26 -52 -27
2 -52 -29 44 -123
2 -97 -69 -77 -29
2 -97 -69 -67 -61
2 -49 -27 -43 -2
2 -79 -30 -47 -27
2 -47 -27 -32 -31
2 -143 -70 -47 -27
2 -48 -27 -36 -7
2 -53 -36 -48 -28
2 -112 -47 -95 -72
2 -139 -28 -95 -72
2 -95 -71 -21 -145
2 -170 26 -96 -71
2 -99 -76 -47 -29
2 -66 -22 -48 -29
2 -60 -24 -54 -32
2 -84 1 -55 -32
2 -165 78 -55 -32
2 -103 -79 -25 -162
2 -136 -111 -98 -72
2 -168 -17 -103 -80
2 -105 -58 -104 -79
2 -99 -72 -89 -57
2 -66 -12 -56 -35
2 -94 16 -56 -35
2 -148 77 -51 -28
2 -154 -129 -105 -79
2 -100 -72 -35 -149
2 -104 -80 -43 -142
2 -100 -77 -65 -39
2 -128 -99 -62 -42
2 -71 -42 -56 -37
2 -136 -101 -51 -30
2 -140 -112 -51 -25
2 -64 -41 -8 -91
2 -138 -115 -106 -79
2 -82 -57 -66 -40
2 -65 -41 -32 -72
2 -64 -42 -46 -39
2 -53 -29 -20 -57
2 -113 -93 -106 -80
2 -101 -73 -81 -33
2 -195 18 -101 -73
2 -105 -81 -12 -176
2 -155 -128 -100 -74
2 -172 65 -65 -42
2 -61 2 -54 -29
2 -107 -80 -86 -95
2 -166 -138 -107 -80
2 -179 -2 -105 -82
2 -100 -75 -87 -58
2 -117 -53 -106 -81
2 -134 -30 -106 -81
2 -132 -105 -101 -74
2 -114 -80 -102 -84
2 -161 -11 -102 -84
2 -107 -79 -102 -75
2 -107 -48 -101 -76
2 -139 -26 -101 -76
2 -116 -31 -104 -82
2 -102 -80 -93 -42
2 -97 -73 -63 -108
2 -100 -79 -98 -69
2 -128 -32 -100 -79
2 -99 -71 -83 -34
2 -209 41 -99 -71
2 -103 -84 -16 -1
2 -140 -119 -103 -84
2 -105 -93 -103 -84
2 -126 -60 -103 -84
2 -103 -84 -59 70
2 -109 40 -66 -44
2 -61 -36 -53 -33
2 -53 -33 -30 -29
2 -172 -95 -53 -33
2 -77 -38 -52 -34
2 -85 14 -52 -34
2 -178 8 -104 -83
2 -102 -79 -50 -132
2 -67 -31 -63 -38
2 -150 -124 -53 -35
2 -110 -71 -100 -80
2 -100 -77 15 -184
2 -56 -32 59 -144
2 -154 -133 -103 -77
2 -54 -30 0 -79
2 -98 -66 -58 -38
2 -102 -74 -1 -185
2 -56 -28 -25 -72
2 -106 -82 -106 -77
2 -175 -156 -101 -75
2 -76 -50 -51 -33
2 -141 -102 -103 -82
2 -104 -82 -65 -38
2 -56 -31 -34 -42
2 -103 -76 -82 -76
2 -102 -77 -92 -98
2 -152 -3 -102 -77
2 -144 -102 -65 -44
2 -158 -135 -102 -82
2 -65 -43 -11 -92
2 -57 -29 -45 -12
2 -144 56 -57 -29
2 -117 -99 -100 -82
2 -204 37 -100 -82
2 -115 -74 -99 -79
2 -113 -62 -99 -79
2 -236 -162 -99 -79
2 -66 -48 -58 -48
2 -149 42 -66 -48
2 -175 -153 -96 -76
2 -98 -80 -93 -87
2 -156 -17 -98 -80
2 -141 -105 -99 -78
2 -176 21 -98 -77
2 -97 -78 -39 -87
2 -97 -78 -57 -101
2 -97 -78 -87 -96
2 -119 -86 -97 -78
2 -97 -78 -92 104
2 -162 -6 -99 -76
2 -67 -39 -44 -15
2 -107 -6 -67 -39
2 -150 -112 -97 -76
2 -66 -38 -26 -95
2 -66 -42 -15 -88
2 -73 -49 -67 -41
2 -134 -111 -66 -39
2 -75 -50 -49 -31
2 -191 23 -97 -74
2 -100 -63 -99 -74
2 -106 -80 -99 -73
2 -98 -73 -78 -78
2 -99 -75 -77 -101
2 -114 -78 -94 -75
2 -174 -139 -94 -75
2 -95 -75 -78 -69
2 -101 -90 -95 -75
2 -221 -151 -95 -75
2 -129 -102 -94 -74
2 -51 -23 23 14
2 -94 -13 -69 -41
2 -77 -31 -69 -41
2 -70 -42 -27 -95
2 -70 -42 18 -142
2 -111 19 -68 -43
2 -138 -114 -68 -41
2 -101 -34 -69 -44
2 -149 42 -69 -44
2 -70 -45 -59 -57
2 -68 -44 -30 -80
2 -73 -45 -41 -44
2 -160 37 -73 -45
2 -107 -87 -72 -46
2 -104 -2 -71 -46
2 -72 -47 -63 -66
2 -70 -46 -36 -83
2 -75 -47 -69 -30
2 -75 -47 -68 -38
2 -162 -143 -74 -48
2 -101 -10 -73 -48
2 -74 -49 -69 -30
2 -139 38 -74 -49
2 -72 -48 52 -174
2 -77 -49 -63 -57
2 -154 31 -77 -49
2 -102 -39 -75 -50
2 -132 17 -75 -50
2 -76 -51 -71 -64
2 -74 -50 55 -174
2 -79 -51 -57 -56
2 -158 31 -79 -51
2 -112 -85 -78 -52
2 -77 -52 -68 -57
2 -78 -53 -69 -74
2 -76 -52 -41 -82
2 -100 -38 -81 -53
2 -98 -57 -81 -53
2 -168 -142 -80 -54
2 -81 -40 -79 -54
2 -80 -55 -64 -83
2 -153 35 -80 -55
2 -78 -54 47 -181
2 -51 -26 -34 -8
2 -35 -7 29 7
2 -35 -7 6 35
2 -34 -9 -5 -14
2 -90 -61 -82 -54
2 -82 -54 -14 -132
2 -34 -10 75 -117
2 -83 -55 -46 -62
2 -35 -11 12 -56
2 -82 -55 -74 -62
2 -156 -137 -82 -56
2 -83 -56 -75 -62
2 -100 -34 -81 -56
2 -128 5 -81 -56
2 -81 -57 6 -147
2 -140 18 -82 -57
2 -107 -81 -81 -55
2 -80 -56 8 -146
2 -43 -24 -36 -10
2 -37 -9 26 9
2 -37 -9 -9 25
2 -36 -11 -20 17
2 -36 -11 -13 19
2 -43 -28 -36 -11
2 -36 -11 17 -75
2 -84 -56 27 -176
2 -36 -12 89 -133
2 -85 -57 -84 -67
2 -140 -8 -85 -57
2 -37 -13 32 -82
2 -107 -80 -84 -57
2 -85 -58 -56 -52
2 -127 -101 -85 -58
2 -201 72 -83 -58
2 -83 -59 27 -168
2 -84 -59 -80 -66
2 -178 -159 -83 -57
2 -82 -58 33 -168
2 -58 -34 -38 -11
2 -71 -51 -38 -12
2 -39 -11 -20 9
2 -43 -3 -38 -13
2 -38 -13 -27 -29
2 -86 -58 -55 -100
2 -86 -58 2 -162
2 -91 -55 -87 -59
2 -96 -43 -87 -59
2 -39 -15 -21 -34
2 -177 -151 -86 -59
2 -147 -124 -86 -60
2 -182 -159 -87 -60
2 -95 -58 -85 -60
2 -171 33 -85 -60
2 -92 -35 -86 -61
2 -132 5 -86 -61
2 -101 -75 -85 -59
2 -84 -60 26 -169
2 -127 -101 -40 -14
2 -41 -13 7 26
2 -65 96 -41 -13
2 -107 66 -40 -15
2 -91 -72 -88 -60
2 -40 -16 91 -144
2 -89 -61 -72 -62
2 -130 -21 -89 -61
2 -41 -17 36 -93
2 -117 -89 -88 -61
2 -95 -66 -89 -62
2 -126 -102 -89 -62
2 -96 -56 -87 -62
2 -87 -63 -71 -75
2 -88 -63 -71 -61
2 -95 -70 -87 -61
2 -86 -62 -68 -73
2 -107 -79 -42 -15
2 -92 -67 -42 -16
2 -44 -12 -43 -15
2 -43 -15 1 -28
2 -43 -15 -15 18
2 -42 -17 -31 -21
2 -90 -62 -79 -88
2 -90 -62 -21 -142
2 -42 -18 51 -104
2 -91 -63 -55 -72
2 -43 -19 -25 -36
2 -99 -75 -90 -63
2 -167 -146 -90 -64
2 -91 -64 -90 -57
2 -113 -57 -89 -64
2 -143 3 -89 -64
2 -89 -65 32 -186
2 -160 20 -90 -65
2 -115 -96 -89 -63
2 -88 -64 31 -181
2 -46 -21 -44 -18
2 -45 -17 18 -22
2 -105 -139 -45 -17
2 -46 -23 -44 -19
2 -92 -64 -86 -86
2 -92 -64 -27 -144
2 -44 -20 44 -111
2 -93 -65 -56 -69
2 -45 -21 -6 -57
2 -93 -68 -92 -65
2 -164 -146 -92 -66
2 -93 -66 -93 -63
2 -111 -54 -91 -66
2 -141 -7 -91 -66
2 -91 -67 -10 -148
2 -153 16 -92 -67
2 -116 -89 -91 -65
2 -90 -66 -7 -147
2 -46 -20 -40 -24
2 -47 -19 -15 18
2 -104 40 -47 -19
2 -46 -21 -28 -35
2 -94 -66 -50 -119
2 -46 -22 -7 -59
2 -101 -58 -95 -67
2 -120 -41 -95 -67
2 -47 -23 -37 -30
2 -168 -149 -94 -67
2 -128 -109 -94 -68
2 -177 -152 -95 -68
2 -93 -68 -84 -71
2 -93 -69 -72 -86
2 -102 -45 -94 -69
2 -112 -31 -94 -69
2 -92 -68 -73 -86
2 -53 -31 -48 -21
2 -114 -89 -48 -22
2 -49 -21 -36 -25
2 -48 -23 -24 -48
2 -72 19 -48 -23
2 -96 -68 1 -178
2 -48 -24 13 -78
2 -94 -52 -47 -26
2 -46 -27 -40 -40
2 -55 -20 -46 -26
2 -114 -91 -45 -27
2 -85 -59 -49 -23
2 -50 -22 9 -94
2 -49 -24 -49 -13
2 -50 -26 -45 -31
2 -67 -43 -43 -62
2 -68 -45 -55 -56
2 -69 -46 -63 -46
2 -113 0 -69 -46
2 -71 -26 -67 -47
2 -99 -35 -67 -47
2 -67 -48 30 -15
2 -95 -87 -67 -48
2 -67 -48 -41 49
2 -83 -23 -67 -48
2 -67 -48 -62 75
2 -70 -47 43 -160
2 -132 19 -71 -48
2 -117 -46 -69 -49
2 -69 -49 -46 -53
2 -197 -124 -69 -49
2 -68 -57 -68 -49
2 -69 -50 19 -29
2 -69 -50 -59 -61
2 -83 -32 -69 -50
2 -95 -84 -69 -50
2 -82 -55 -67 -49
2 -72 -49 -44 -75
2 -77 -30 -73 -50
2 -101 -15 -71 -51
2 -71 -51 -53 -36
2 -71 -51 -40 -43
2 -88 -60 -70 -51
2 -133 -91 -70 -51
2 -71 -52 -34 -47
2 -74 -77 -71 -52
2 -71 -52 -58 -45
2 -118 132 -71 -52
2 -112 -92 -69 -51
2 -74 -51 49 -176
2 -172 53 -75 -52
2 -97 -27 -73 -53
2 -73 -53 -62 -74
2 -171 -94 -73 -53
2 -85 -54 -72 -53
2 -73 -54 29 0
2 -101 -30 -73 -54
2 -82 -43 -73 -54
2 -93 -79 -73 -54
2 -104 112 -73 -54
2 -76 -53 -75 -44
2 -89 -60 -77 -54
2 -131 -1 -77 -54
2 -102 -23 -75 -55
2 -106 -49 -75 -55
2 -74 -55 -63 -72
2 -161 -124 -74 -55
2 -75 -56 -9 -54
2 -103 -58 -75 -56
2 -75 -56 -66 -69
2 -75 -56 32 -9
2 -155 -133 -73 -55
2 -78 -55 -14 -120
2 -87 -58 -79 -56
2 -117 -42 -77 -57
2 -77 -57 -67 -84
2 -141 -64 -77 -57
2 -76 -57 -70 -76
2 -77 -58 -47 54
2 -77 -58 -57 -26
2 -84 -33 -77 -58
2 -88 -77 -77 -58
2 -79 91 -77 -58
2 -101 -78 -75 -57
2 -80 -57 22 -159
2 -149 17 -81 -58
2 -91 -70 -79 -59
2 -79 -59 -51 -52
2 -157 -87 -79 -59
2 -199 -160 -78 -59
2 -79 -60 18 -24
2 -100 -94 -79 -60
2 -79 -60 -73 -75
2 -100 -77 -79 -60
2 -95 -75 -77 -59
2 -82 -59 -70 -67
2 -83 -60 -83 -46
2 -136 -65 -81 -61
2 -88 -56 -81 -61
2 -81 -61 -55 -38
2 -86 -85 -80 -61
2 -128 -90 -80 -61
2 -81 -62 -59 -50
2 -81 -62 -45 -83
2 -101 -49 -81 -62
2 -81 -62 -46 -60
2 -150 -122 -79 -61
2 -84 -61 -10 -135
2 -95 -60 -85 -62
2 -88 -58 -83 -63
2 -107 -45 -83 -63
2 -184 -106 -83 -63
2 -94 -52 -82 -63
2 -83 -64 -29 36
2 -83 -64 27 1
2 -83 -64 -80 -47
2 -105 -54 -83 -64
2 -88 100 -83 -64
2 -149 -121 -81 -63
2 -116 -31 -87 -64
2 -151 0 -87 -64
2 -85 -65 -77 -35
2 -85 -65 -69 -78
2 -156 -86 -85 -65
2 -194 -158 -84 -65
2 -85 -66 12 -38
2 -85 -66 -81 -72
2 -89 -72 -85 -66
2 -102 -81 -85 -66
2 -100 -73 -83 -65
2 -88 -65 -84 -69
2 -89 -66 -71 -62
2 -142 -65 -87 -67
2 -87 -67 -86 -55
2 -118 -45 -87 -67
2 -94 -91 -86 -67
2 -128 -87 -86 -67
2 -87 -68 -64 -61
2 -87 -68 3 26
2 -107 -45 -87 -68
2 -87 -68 18 -31
2 -158 -140 -85 -67
2 -90 -67 16 -165
2 -91 -68 -87 -69
2 -113 -69 -89 -69
2 -99 -44 -89 -69
2 -191 -115 -89 -69
2 -91 -61 -88 -69
2 -89 -70 -29 44
2 -120 -60 -89 -70
2 -89 -70 -34 48
2 -109 -73 -89 -70
2 -89 -70 -55 62
2 -114 -86 -87 -69
2 -92 -69 -8 -152
2 -169 7 -93 -70
2 -91 -71 -68 -76
2 -91 -71 -81 -76
2 -155 -76 -91 -71
2 -90 -71 -87 -72
2 -91 -72 10 -33
2 -91 -72 -83 -99
2 -91 -72 -21 -64
2 -108 -100 -91 -72
2 -91 -72 -70 84
2 -94 -71 -59 -106
2 -109 -67 -93 -72
2 -94 -73 -72 -73
2 -179 32 -94 -73
2 -118 -69 -92 -74
2 -96 -82 -92 -72
2 -95 -73 -77 -84
2 -118 -43 -96 -75
2 -153 -1 -96 -75
